23
-500
28_
28
34
54
55
21
31
33
34_
7580
30
30_
24
24_
44
45
40
41
32
33_
35
35_
36
39
37
181
20
46
26
42
19
31_
48
995
40_
37_
38
54_
5079
43
21_
22
6409
16
7080
18
849
3885
20_
15
27
43_
38_
25
3052
14
5342
17
18_
4431
2657
2111_
46_
47
1032
16_
19_
47_
456
5717
53_
53
56
25_
27_
55_
3169
1191
29
42_
7140
48_
49
49_
8233
6955
2534
3115
7657
51
50
5112
50_
32_
6452
2744
22_
17_
1439
29_
5795
4872
1772
15_
1383
5657
52
1934
51_
8352
3734
26_
2056
39_
7508
2339
14_
8406
1424
36_
6953
5626
4471
548
44_
769
5490
525
4202
3665
7670_
4670
3616
6922
6619
1808
7992
45_
223
1232
4659
6895
395
7099
6048
3936
3512
123
5639
471
7359
23_
4049
5053
2109
7183
5604
1206
6835
4067
41_
1812
1170
3625
6354
3724
480
5610
4710
4351
52_
5784
3937
3542
2239
5645
7425
7851
2027
6306
835
3513
6846
6868
7805
7274
831
8394
2751
733_
783
2455
5612
2402
4119
4645
8105
1400
7431
3666
2350
491
1116
692
5429
4745
4017
3279
651
5611
5769_
6586
7699
919
6765
5376
2546
112
3909
5054
8655
4383_
2824
56_
7865
2823
6365
5688
6178
886
3353
8562
7750
5186
8080
3553
5537
3967
6520
2650_
1335
2054
7068
6100
2636
1753
6389
2419
2033
2961
3307_
5504
4060
5237
2297
5583
4958
6395
3319
7705
4820
2456
5194
5154
4155
7336
7195
8005
5165
3861
2584
2563
5592
3771
1188
5017
8034
5256
8173
6962_
3578
4572
5589_
328
1678
1512
6556_
5430
8442
4517
7525
1203
4260
7980
7153
2400
6331
3715
3285
8043
8250
8628
8608
7016
989
359
8155
2090
4126
3791
5782
6292
8662
1681
1338
8000
7935
5608
1006
1451
622
4857
2369
8216
7330
7289
3601
4127
236
6707
493
4682
287
375
5195
1969
5788
6413
2388
5152
3986
1715
8200
4336
8299
1308
3888
1051
134
5897
6350
2379
3197
3341
8674
7123
556
1083
1447_
7032
5579
1692
4204
7968
1148
2980
4626
3492
1323
2799
6426
186
5498
7060
1752
1816
609
2514
6276
4365
8421
8153_
4609
1625
2614
4603
7026
4010
624
1143
5870
3607
8505
528
1578
4404
4414
6704
2509
7456
7353
3075
2081
925
4021
3602
5930
306
7197
1066
4527
6510
1062
5221
7166
4391
6651
1227
7112
3214
8472
836
7553
7504
1357
3284
2721
6385
2997
2451
3480
3357
711
8632
1388
5696
5524
356
6608
5705
8567
3132
1433
1695
8639
8582
2275
4959
3834_
623
7295
3345
3493
182
126
6744_
4390
7715
6130
6471_
7723_
3768
4178
4630
1420
6417
2560
3985
3750
4444
234
3795
637
6649
4380
5714
7693
2174
2366
5781
5677
3038
4897
7937
365
7640_
6408_
1112
3546
8424
124
3502_
5747
8082
7564
1436
3519
6175
2091
8249
7316_
2578
4687
4163
5796
5123
6943
8338
6345
1364
6777
4782
5981
963
5907
6978
673
6322
6384
3036
1270
8561
634
2352
6800
118
1010
2395
6781
5520
7042
8592
1868
4307
2764
6796
6646
142
6141
1852
4416
8466
4576
3410
8151
890
3581
6925
5479
1102_
8669_
5074
2463_
3940
5508
1788
216
5173
7965
7987
6666_
921
4719
7092
1657
5738
349
6995
7441
5976
762
6485
7702
5708
946
4564
3093
6767
3933
3458
1300
5851
774
2577
1811
7480
7113
6273
7235
1452
4058
7520
7414
4370
1853
4649
7845
2864
7925
5550
4165
6411
4063
3215
169
99
3055_
1248_
586
2386
5649
8520
100
3978
3244
3778
879
1024
423
3938
2882
6036
6037
1484
4643
4510
3146
8514
2220_
6360
362
5996
6892
2159_
5001
576
5018
387
4890
5507
4661
1386
330
6074
6970
102
5906
203
3640
8124
4484
2778
2434
742
7794
4177
4246
208
5765
7710
1734
5202
853
3450
1630
3843
7038
8384
8179
5551
6593
7490
2574
1644
111
4975
5478
1176
1418
4679
5751
3779
6611
325
7879
6227
6111
573
3726
6722
4732
1754
3966
2437
2212
8081
4194
3119
7549
4583_
3452
1908
3988_
5621
7178
5741
4774
5116
3378
8302
7651
404
3023
5032
4787
305
4107
381
8623
6407
3675
1265
399
2461
2977
3490
438
1328
2037
1609
7325
8682
4470
899
5532
4083
3096
1971
1094
1294
7736
6366
5287
4244
3853
4214
1402
2672
5008
2155_
2756
4846
7773
2182
5994
4980
6301
3363
8663
1520
678
4056
7279
828
4076
1491
6697
5340
813
6001
5288
6197
5177
7014
1686
2382
1378
2650
3264
6006
4736
4213
532
506
3276
4525
6653
8306
5117
2048
3701
95
1387
6799
267
1786
7787
7797
4590
6378
3369
4542
1366
540
3899
6770_
1497
7377
6550
5539
7133
5156
5742
1363
1095
1648
1985
4607
993
1330
5066
6463
6349
2988
6691
3145
793
1119
8159
8396
3193
3085
6971
5959
1843_
449
5377
4387
5902
620
514
252
6915
3642
2974
6381
652
1367_
553
1355
4277
7713
8291
8154
7933
2347
6098
2731
3742_
2593
4232
5909
2171_
4120
2449
4311
8296
7556
1404
7856
640
2847
2093
5109_
1571
846
1435
8333
6863
655
6262
4914
1053
3747
4931
7315
292
2499
4847
736
2858
6633
7286
2989
4135
3639
4746
1787
4298
8049
2696
6909
7894
8525
1947
7765
8004
8234
6708
2404
6506
1661
8246
7923
2047
3365
4863
701
2184
8450
581
502
1618
2077
737
8251
2305
7298
221
6663
6657
6588
3463
6337
6516
3984_
2076
2513
6280
3237
3454
4622
5712
275
240
5868
568
2096
2170
8235
986
5471
1785
1593
2474_
2933
6731
7131
7444
5046_
4133
3258
4407
7715_
1565
6159
2276
7459
3891
3205
2117
7806
6638
8271
3920
2843
4881
4909
6283
4948
6894
5041
7619
7063
3952
2486
5936
6581
1384
8260
6286
5111
4923
7694
1220
6841
1540
2181
4946
2822
4494
7912
1956
6427
5924
8386
1642
529
4655
8371
4663
5818
2895
8389
3930
1429
6652
3764
8552
4775
5132
2654
2749
7438
3629
5253
2208
2713
885
6425
7690
2329_
6124
2773
293
3714
6694
3638
5113
7804
5465
2226
2015
8480
4536
869
2341
5118
2512
2221
6189
1689
6184
1883
3502
7962
6121
7762
5438
814
4196
3337
6256
8455
5627
7618
8228
3634
4000
707_
2038
1687
4616
4879
4592
3806
3537
3718
4501
6091
109
6015
2661
6210
4034
4580
6288
7919
5687
8172
6375
5749
3814
3014
7711
8149
2540
819
3507
5514
3766
6754
8279
1525
844_
1310
4458
2127
4575
4936
5938
5643
6219
3790
1990
2580
4860
3413
2939
2987
2756_
7922
1496
8229
7386
2733
5995
2037_
8035
3385
1925
6456
1144
2024
1407
7082
4279
5327
8516
1133
956
1792
1643
5828
8106
1751
6563
5463
6733
8409
7527
3854
924
7065
1441
7641
1733
940
8015
8566
2360
5203
5233
1814
6248
5855
6674
6713
5069
3402
1337
6433
6778
902_
6660
3417
429
8150
7746
1958
2309
5413
2113
4706
2116
7776
7240
8090
751
7206
2411
1217
3439
715
6786
1817
6321
7524
8448
6794
3789
6501
7868
933
8467
4841
8523_
642
5929
1527
1087
8569
347
8503
5301
7725
8295
5027
3640_
7066
5517
4459
7435
3992
1324
6747
3596
5957
2604
3998_
8125
7392
498
3194
3681
6991
3712_
8037
2097_
3379
7453
1149
8411
8091
6849
1345
8348_
7900
8127
3873
8616
5425
2507
3004
6579
7157
1537
6577
5588
1996
5748
8473
4926
6113
8370
3103
3913
2106
1842
4287
2558
7255
6632
6763
6460
189
434
5730
8485
4548
2821
5793
8036
1136
3765
2525
5020
4566
7151
7792
6775
7808
5164
8286
3326
7663
372
1235
2712
4556
1004
2175
1040
6435
4899
7249
6221
1923
5940
4219
3944
6125
6525
2343
3818
7838
4865
5373_
4988
5222
3291_
3200
8072
7266
2994_
4271
3339_
2634
6092
2812_
344
6902
5975
448
4601
3332
8547
2926
194
3394
7264
8666
5400
2932
7323
8698
3578_
7733
5419
1461
1405
8199
5603
4921
4007
6191
5361
4189
8381
4568
8100
7967
1289
1443
5121
7579
4781
4190
1664
3564_
6528
3367
7349
535
8422
4318
1306
1362
824
3278
2952
1608
8587
6172
7223
3703
6947
8113
6634
5767
5568
6918
806
7493
5931
2405
6843
2928
979
1131
8403
1794_
7849
6736
6696
210
6291
4967
5316
8040
2253
7615
2535
5456
2079
6547
5236
5791
1392
5421
3610
4212
1857
4408
4862
5970
4552
7920
6424
737_
2209
4185
672
3048
1172
5247
1696
8470
5629
7139
283
6877
5963
1820
2484
4301_
7610
8288
1202
3167
2919
6295
1485
2638
3720
3213
5939
5184
1858
316
2320
6423
7574
6803
5261
509
7256
2846_
7447
4188
7986
1409
5426
7171
2373_
1188_
1110
4906
2323
1482
4518
6684
7558
5587
6493
5270
4448
1542
5580
7316
4186
3159
7230
2115
8207_
1515
3617
6392
7271
115
960
5909_
6167
8031
8198
6717
3443
6394
3083
7890
2313
1651
1782
1683
6040
1459
2954
8678
488
6140
6381_
4824
2334
7388
8697
5827
1171
3125
2205
504
2318
2351
4475
2178
2381
3361
2809
7201
5988
8616_
6799_
7342
2659
1591_
7327
817
1460
8640
7681
2249
2104
3775_
7832
4464
3713
5487
2717
8379
6410
4121
3910
6430
4382
8385
1028
2598
1322
1810
4112
2274
6494
2958
8052
7880
6379
2471
8212
3651
6341
725
402
8378
2871
146
2357
4089
2160
8069
1022
690
383
992
7371
5512
5656
6564_
4574
5153
2543
5101
5840
740
3441
6226
5004
1174
681
2880
3988
1900
4252
1154
8481
2128
941
4894
246
820
8553
6032
6683
2957
7122_
4913_
6939
6725
1740
4970
4582
594
6814
4422
6165
7768
6086
5219
2321
7489
6287
5509
5697_
985
2626
5422
2955
7799
496
4635
1225
1850
3953
6043
2084
3124
5955
3274
7753
1437
5052
4050
3843_
8046
5778
7236
6914
5122
4521
6254
1583
4929
1368
7973
4041
6212
2108
6912
5140
3689
1939
3919
6190
7523
3855
4227
5541
6596
6199
2620
669
2035
5615
4445_
1794
419
6441
1321
8643
5735
3555
3856
462
262
6921_
8088
6355
6665
2630
335
6964
6558
6728
2679
3483
8518
1101
7410
1231
4615
6237
1033
7417
4944
6309
1197
962
6099
6990
6364
2074
7476
6117
727
3840
7898
7445
6206
3262
2204
1234
7517
4270
2441
780_
952
1394
1200
2765
7886
6839
2840
6007
3904
333
598
5602
7462
5973
2855
7481
7638
4347
2875
5063
3155
6618
8297
1953
278
8204
7409
5147
7901
5642
6135
920
4402
1070_
8490
5798_
2406
8315
8425
6476
4808_
2263
1342
