11.27
_
6.27
9.27
5.42
7.42
6.42
7.1
11.1
9.1
1.99
-2.01
-1.01
-3.01
2.58
10.14
9.14
9.34
15.34
8.34
11.34
17.13
21.13
18.13
8.24
11.24
5.76
-1.2400000000000002
1.7599999999999998
11.0
8.0
3.51
5.54
4.54
0.54
11.54
8.86
7.83
10.83
6.28
10.28
9.13
13.13
9.22
8.22
2.2200000000000006
17.92
11.920000000000002
15.920000000000002
13.920000000000002
9.95
15.95
8.95
4.17
8.969999999999997
7.97
10.97
0.86
-4.14
-0.14
15.79
21.79
7.27
10.27
1.13
-2.87
8.129999999999999
17.96
13.96
12.96
8.97
14.97
12.97
4.9700000000000015
4.89
1.54
-2.46
6.83
0.8300000000000001
5.07
6.07
11.8
16.8
16.58
10.579999999999998
23.58
22.58
21.58
9.58
10.44
4.44
26.94
22.94
27.94
2.74
-4.26
-1.2599999999999998
9.24
7.67
5.67
4.67
-1.33
7.58
21.73
13.74
14.74
6.74
9.2
10.2
6.43
27.99
20.99
23.99
8.82
6.82
10.98
9.98
16.25
14.25
10.25
11.94
13.94
19.87
24.87
16.87
17.25
11.25
5.51
12.51
-1.4900000000000002
11.92
12.92
13.92
8.92
15.06
5.79
21.22
14.22
6.81
15.27
9.81
3.810000000000001
14.92
19.92
11.01
9.01
3.69
-0.31000000000000005
4.69
14.79
18.79
12.79
12.8
19.8
17.8
18.42
2.29
1.29
6.29
3.29
8.36
13.36
9.78
4.7799999999999985
6.08
12.08
18.8
25.8
23.8
3.9
7.9
29.52
31.52
4.62
8.47
7.4700000000000015
10.06
7.0600000000000005
5.62
12.62
23.21
29.21
28.21
5.65
3.11
8.11
18.21
11.21
9.21
5.210000000000001
15.21
9.89
6.8900000000000015
16.89
18.53
16.53
11.53
27.64
32.64
20.64
28.64
5.52
-1.4800000000000004
0.5199999999999996
10.52
11.41
8.41
5.68
7.68
8.61
4.6099999999999985
9.94
4.94
-1.0599999999999996
5.27
19.05
12.05
15.82
21.82
19.42
21.24
17.24
4.18
10.1
13.1
8.1
7.57
3.5700000000000003
5.2
1.83
-2.17
11.09
4.09
12.09
19.44
15.44
11.32
0.3200000000000003
4.32
16.23
21.23
3.44
0.44
7.65
13.65
-1.1
9.75
2.75
5.04
1.04
5.95
11.95
-0.049999999999999815
1.31
8.31
3.31
2.42
3.42
10.64
14.64
9.33
4.33
5.33
4.21
8.21
5.21
0.21
18.33
21.33
16.33
22.79
28.79
12.489999999999998
16.49
17.49
23.49
10.47
17.47
21.31
10.3
9.3
15.3
8.76
2.76
15.76
2.24
3.24
15.78
14.78
17.78
18.78
10.26
12.26
17.259999999999998
14.26
4.26
11.85
10.85
13.28
4.9
11.56
16.560000000000002
5.119999999999999
11.12
10.12
12.12
17.119999999999994
7.81
13.81
11.81
11.35
16.35
1.2200000000000006
7.28
10.31
11.31
8.12
12.76
9.76
20.05
16.05
17.05
0.67
1.67
1.22
3.22
13.29
8.29
17.29
26.16
5.71
12.71
6.71
19.68
16.68
7.06
12.06
4.95
18.23
13.23
8.83
0.52
-5.48
-4.48
7.48
2.4800000000000004
8.56
3.5600000000000005
2.82
7.82
4.82
15.14
21.14
19.14
1.38
11.63
6.89
8.89
13.89
11.87
10.87
2.49
11.26
15.26
13.26
16.259999999999998
26.43
33.43
27.43
13.06
17.57
12.57
1.75
4.75
9.08
8.08
3.25
2.25
14.68
20.68
16.88
14.7
7.75
3.75
6.75
15.51
8.51
9.51
7.12
3.12
14.12
9.37
22.17
25.17
26.17
18.17
16.39
21.39
14.39
4.72
11.72
-1.2800000000000002
5.86
12.86
4.07
-1.93
8.07
1.53
4.53
3.53
9.54
5.539999999999999
16.54
11.42
19.34
14.34
13.34
21.02
28.02
34.02
13.88
7.880000000000001
12.66
13.66
7.45
2.45
12.45
9.06
8.06
0.6699999999999999
3.67
7.2
12.83
6.46
3.06
-1.94
11.71
11.98
8.68
1.98
-5.02
0.8
-4.2
4.8
9.96
-0.040000000000000036
11.96
5.96
13.73
8.73
0.63
1.63
2.63
3.52
1.52
2.89
0.8900000000000001
-2.11
-3.37
12.49
8.49
14.49
9.55
19.79
3.33
10.33
7.33
6.33
2.33
18.91
14.91
12.01
19.01
16.009999999999998
3.59
1.59
6.06
23.66
28.66
11.77
12.77
15.62
8.62
3.99
9.72
4.1
6.1
3.1
28.48
22.48
24.6
19.6
25.6
12.6
12.65
10.65
6.65
7.09
9.09
5.09
10.81
9.47
6.4700000000000015
7.3
2.3
3.3
18.62
18.1
9.59
12.59
8.59
18.75
22.75
15.75
16.6
20.6
14.6
11.6
5.6
15.23
5.32
9.32
12.32
10.72
5.7200000000000015
8.72
6.95
7.95
3.95
10.95
8.01
2.01
2.09
17.0
22.0
15.0
23.0
20.0
9.7
12.7
9.71
2.71
13.43
19.16
17.16
0.66
7.78
5.78
4.78
11.64
9.64
3.57
-3.43
-0.43000000000000016
21.12
17.12
20.12
7.29
-3.69
-2.69
3.36
10.39
8.39
13.39
20.82
17.08
23.08
5.12
8.9
2.9000000000000004
11.99
15.99
21.0
16.0
14.0
35.82
29.82
15.59
19.59
18.88
14.88
4.24
24.49
17.95
9.19
5.19
7.300000000000002
11.3
1.28
2.28
0.69
13.11
7.11
12.39
14.95
20.17
17.17
2.96
8.42
4.04
3.04
9.43
4.43
15.43
3.94
6.94
16.82
22.82
-3.52
9.48
3.48
9.86
15.86
16.86
14.76
17.759999999999994
1.47
3.47
10.61
0.94
12.87
13.87
0.29000000000000004
0.9400000000000004
7.94
2.9400000000000004
19.25
9.62
5.619999999999999
16.619999999999994
10.62
11.93
16.93
2.99
-1.0099999999999998
8.05
4.050000000000002
15.05
11.05
17.66
14.66
19.66
19.08
21.08
25.18
29.18
27.18
17.060000000000002
11.06
18.06
0.7599999999999998
0.88
6.88
2.88
16.990000000000002
13.01
1.0099999999999998
9.05
6.05
13.05
1.0499999999999998
10.54
12.54
0.68
-0.31999999999999995
5.61
0.6100000000000003
11.61
6.79
8.79
3.37
7.37
6.4
24.98
-3.58
1.42
10.6
25.7
28.7
16.47
22.47
1.95
-0.05000000000000005
11.19
7.05
16.61
15.61
20.61
3.9499999999999993
25.11
8.66
9.66
5.7799999999999985
12.78
13.78
16.5
21.5
-4.76
1.24
-1.76
5.1099999999999985
10.11
2.53
17.42
14.420000000000002
6.18
9.18
2.8100000000000005
6.8100000000000005
25.04
21.04
26.04
2.5
9.5
-0.5
4.06
26.0
18.66
5.91
1.91
10.36
11.36
17.39
9.41
16.41
21.63
22.63
16.15
11.15
5.4
-1.7999999999999998
4.2
-0.7999999999999998
1.2000000000000002
27.33
31.33
29.33
5.949999999999998
9.97
6.9700000000000015
1.96
11.04
9.63
8.63
14.29
12.29
10.55
12.55
4.550000000000002
34.81
28.81
1.05
3.1899999999999995
13.19
12.19
14.75
5.5
3.5
-3.5
17.74
23.74
15.85
19.85
14.21
24.94
25.94
29.94
23.1
17.1
25.15
28.15
10.07
3.07
-3.93
15.55
-5.78
2.68
16.56
25.21
20.21
-1.29
-0.29000000000000004
7.96
6.96
16.94
18.94
10.13
16.13
11.13
27.19
23.19
19.91
24.91
4.6
2.62
6.64
15.52
18.46
15.46
23.46
4.97
18.65
15.11
16.11
26.48
15.25
-3.67
17.36
1.57
6.57
10.51
6.51
13.51
4.51
11.51
3.41
4.41
5.41
1.72
-1.28
7.34
2.78
3.64
4.6400000000000015
-1.21
7.79
11.9
12.9
9.9
15.9
13.5
8.99
13.99
0.95
16.17
23.17
11.48
12.48
12.64
17.82
13.82
15.32
7.32
8.53
5.5299999999999985
4.5299999999999985
4.48
-2.52
-0.5199999999999996
22.91
23.91
10.86
4.8599999999999985
15.02
10.02
9.02
16.02
13.02
10.76
10.46
12.46
9.79
11.79
1.81
-4.19
4.8100000000000005
19.96
21.96
20.96
3.26
9.26
-0.7400000000000002
3.66
-2.34
-0.33999999999999986
9.42
7.369999999999999
2.1
9.69
11.69
4.74
10.74
-0.2599999999999998
24.24
1.79
4.79
5.35
-1.6500000000000004
0.34999999999999964
8.26
6.26
20.04
22.04
16.85
22.85
1.78
3.78
0.98
3.98
-0.020000000000000014
19.7
20.7
0.84
2.84
-1.16
-2.16
6.76
17.51
15.510000000000002
21.51
24.18
21.18
14.18
19.18
5.869999999999999
25.07
29.07
28.03
26.03
23.03
1.37
-5.63
5.37
6.37
26.18
32.18
18.38
7.6400000000000015
6.6400000000000015
17.71
10.71
7.77
0.7699999999999996
6.77
9.49
6.49
16.490000000000002
3.56
17.2
23.2
12.2
10.37
3.3699999999999988
13.37
11.91
12.91
6.16
21.19
28.19
19.89
22.89
6.48
14.06
4.0600000000000005
19.47
3.4
10.4
4.4
18.86
14.86
13.86
24.86
17.69
12.73
25.5
18.5
15.5
14.99
21.99
2.9499999999999997
6.949999999999998
19.29
25.29
17.06
24.06
17.91
4.91
15.01
2.05
4.05
11.4
24.4
25.4
21.4
4.5
1.5
0.5
3.16
4.16
3.45
9.45
1.4500000000000002
4.59
14.15
13.76
19.76
16.19
9.87
20.87
8.57
2.67
5.63
-2.37
9.92
16.29
11.29
1.51
-2.49
11.52
15.1
2.34
0.92
5.92
-0.07999999999999996
2.7200000000000006
-4.33
8.67
5.06
1.0599999999999996
7.35
5.83
-6.48
-0.48
7.26
2.26
5.3599999999999985
13.31
6.3100000000000005
19.31
12.69
19.5
24.5
5.48
11.33
7.07
29.19
22.19
25.19
4.35
1.3499999999999996
5.89
3.83
2.83
6.3
-0.7000000000000002
8.3
6.85
6.63
5.16
7.16
11.16
0.16000000000000014
7.98
1.76
1.3
-0.7
5.94
15.8
13.8
1.77
0.77
6.19
22.12
15.28
15.15
4.08
3.08
4.65
5.66
2.66
7.36
2.08
4.93
19.75
13.75
25.75
20.75
13.25
13.83
1.4
4.36
6.36
2.3600000000000003
-1.6399999999999997
11.07
15.07
10.42
13.42
14.42
18.02
24.02
23.02
22.11
19.11
7.46
1.5999999999999996
17.3
22.3
20.3
8.5
12.5
5.57
15.77
16.77
18.77
5.38
-0.6200000000000001
4.83
11.82
6.7
1.7000000000000002
1.08
28.47
30.47
8.14
12.14
-1.13
-2.13
1.87
5.87
2.87
11.68
18.82
24.07
27.07
31.07
27.7
21.7
4.88
10.93
14.51
7.51
2.41
-4.59
8.75
8.54
5.85
2.85
0.8500000000000001
9.85
4.31
6.31
12.16
6.869999999999999
7.869999999999999
16.869999999999994
14.83
10.23
19.45
18.45
24.45
7.88
5.75
10.75
19.3
12.3
25.3
14.9
6.9
0.65
-2.35
2.65
-4.35
7.7
10.7
4.7
16.57
13.57
3.79
10.79
6.699999999999998
4.55
0.55
1.86
3.86
2.8600000000000003
4.86
0.89
15.58
7.54
3.54
7.25
4.29
-3.34
1.66
9.28
14.28
5.2799999999999985
5.789999999999999
6.789999999999999
29.9
24.9
28.9
14.89
11.89
14.93
1.12
-4.88
18.01
22.01
6.86
14.11
24.53
12.56
5.5600000000000005
4.61
4.1099999999999985
9.11
7.1099999999999985
11.11
10.35
11.02
5.02
19.62
22.62
1.16
0.15999999999999992
7.210000000000001
23.62
8.71
6.710000000000001
-0.5899999999999999
5.0600000000000005
-0.6099999999999999
2.39
14.43
19.43
27.46
31.46
5.8
1.7999999999999998
10.88
11.88
24.35
19.35
23.35
16.14
17.32
19.24
18.24
2.3200000000000003
0.16999999999999993
-1.83
1.82
5.82
-2.95
-0.95
-1.95
3.01
20.86
17.86
17.99
24.99
8.4
3.4000000000000004
5.58
0.5800000000000001
21.29
19.52
24.52
14.52
17.73
3.28
4.12
0.1200000000000001
8.8
6.800000000000002
20.8
20.84
23.84
18.84
15.84
-4.36
0.64
10.34
3.34
6.34
17.34
11.78
20.56
15.56
12.34
6.1099999999999985
-1.6100000000000003
4.39
7.31
7.49
4.49
9.61
1.6100000000000003
1.71
5.77
18.03
11.03
25.03
16.03
11.23
4.23
27.12
23.12
24.57
21.57
18.57
14.69
7.69
1.6900000000000004
-6.3100000000000005
-5.3100000000000005
28.83
35.83
26.83
30.45
25.45
9.07
6.15
8.15
7.38
9.38
10.0
5.0
9.0
6.02
3.02
-3.98
17.5
10.82
10.68
8.87
3.76
-0.2400000000000002
28.51
10.41
27.15
22.15
16.1
4.27
23.38
19.38
26.38
18.09
16.09
6.2
2.11
1.11
-1.89
11.45
2.64
-3.36
3.32
2.32
-3.68
16.43
9.15
25.47
24.47
10.9
6.17
0.3999999999999999
17.79
19.27
33.19
22.53
19.53
1.5599999999999996
7.56
8.559999999999999
7.43
1.4299999999999995
-2.31
5.69
8.690000000000001
18.73
15.73
29.97
27.97
23.97
22.97
5.98
4.98
7.8
4.85
1.85
8.85
13.56
9.56
5.55
1.5499999999999998
2.72
1.7200000000000002
-4.3100000000000005
2.69
-1.31
1.69
17.310000000000002
16.34
6.23
3.2300000000000004
2.2300000000000004
15.49
13.49
8.44
14.44
11.67
26.67
19.67
13.670000000000002
15.670000000000002
3.63
-1.5199999999999996
4.92
7.92
-1.08
22.61
17.61
-4.15
-3.15
6.66
4.66
6.0600000000000005
8.19
1.02
-4.98
-5.5
2.0
5.45
6.45
1.45
-2.55
8.84
14.84
12.84
26.39
19.39
21.61
15.4
8.09
3.09
17.07
20.79
-1.77
2.23
1.23
17.6
-0.6600000000000001
-1.92
5.08
9.91
15.91
7.91
11.18
-3.05
0.6499999999999999
-1.35
1.19
0.18999999999999995
9.84
1.09
1.26
-5.74
-2.74
-3.74
18.51
12.510000000000002
0.59
15.67
14.67
10.67
6.91
0.91
3.91
2.91
8.13
12.13
13.08
16.08
10.92
-0.6000000000000001
1.8200000000000005
9.88
12.88
15.83
1.61
7.61
6.369999999999999
19.37
8.98
9.99
15.53
8.280000000000001
4.28
3.13
0.1299999999999999
10.09
14.09
15.09
1.5099999999999998
14.98
27.98
23.98
28.98
2.02
0.020000000000000014
28.04
16.45
21.45
3.18
10.78
6.7799999999999985
10.56
16.04
3.82
0.8199999999999998
9.82
25.49
28.91
30.91
1.1
6.01
-6.2
14.46
8.46
1.97
-4.03
14.96
7.960000000000001
9.65
16.65
6.41
10.77
0.61
13.24
10.24
8.27
15.36
10.01
4.01
18.12
4.38
3.38
-1.41
-5.41
-4.41
19.12
13.21
12.21
9.25
8.16
6.12
9.12
2.12
5.72
1.7199999999999998
3.72
11.75
16.72
19.72
-2.93
-5.05
-4.05
2.16
7.04
14.04
24.65
21.65
14.59
20.59
16.59
7.89
0.8899999999999997
1.89
7.4
5.550000000000002
6.550000000000002
11.55
17.98
3.55
3.74
6.56
-0.4400000000000004
27.36
26.36
28.36
8.81
15.81
12.27
1.58
8.58
-3.42
16.78
17.26
23.26
8.65
24.85
23.85
27.85
13.71
9.36
14.36
7.71
19.2
18.2
18.3
23.3
14.3
13.3
1.65
3.65
16.509999999999998
7.87
11.17
1.17
0.7800000000000002
4.57
10.57
13.61
14.61
16.62
6.54
25.48
4.77
11.66
9.23
7.19
15.93
9.93
9.35
17.490000000000002
11.49
19.13
0.83
8.04
2.039999999999999
28.89
14.63
10.63
5.630000000000001
6.630000000000001
19.93
26.92
2.47
0.4700000000000002
6.09
16.38
20.38
10.38
21.38
5.74
8.6
2.6
-1.4
7.6
-2.4
18.4
20.4
14.4
13.4
15.69
22.69
27.02
33.02
14.72
21.72
-2.67
0.3300000000000001
6.7200000000000015
25.98
4.37
8.370000000000001
-2.63
12.25
10.49
0.6099999999999999
-1.39
3.61
11.22
11.14
17.14
18.54
17.54
3.15
5.15
-1.85
-3.11
23.18
32.47
14.27
8.55
-3.06
13.0
8.23
14.23
4.119999999999999
7.119999999999999
17.84
6.39
9.39
3.88
14.260000000000002
9.04
10.04
3.17
-0.20000000000000015
0.7999999999999998
-1.59
3.3100000000000005
8.69
1.6899999999999995
7.15
13.53
7.5299999999999985
26.59
18.59
3.71
7.9700000000000015
12.93
5.93
5.17
8.17
1.64
-0.3600000000000001
3.0700000000000003
0.6399999999999997
7.64
8.33
0.58
4.58
26.91
34.91
14.35
15.35
1.8100000000000005
7.789999999999999
15.33
17.33
14.33
13.33
10.17
9.46
8.18
17.65
3.19
15.54
21.59
-1.5499999999999998
0.4500000000000002
4.45
9.83
12.81
3.93
1.94
17.64
15.45
19.61
12.82
27.63
23.63
28.63
10.29
15.87
1.07
1.2899999999999991
7.23
13.16
9.16
16.71
18.630000000000006
13.35
2.35
1.35
-4.65
0.3500000000000001
11.58
4.99
10.45
7.18
3.58
11.37
7.73
2.7300000000000004
15.71
6.24
25.96
9.68
26.98
32.980000000000004
13.47
15.47
12.47
19.07
22.07
-4.77
-0.77
14.45
16.28
11.28
-4.75
-5.75
1.25
7.5
11.43
17.43
5.43
-2.59
6.73
3.73
13.55
6.72
4.8900000000000015
19.98
6.92
3.92
3.8000000000000007
9.8
14.8
-4.32
6.050000000000002
16.51
23.51
2.95
-2.05
1.21
2.21
6.21
21.86
6.93
14.57
0.72
5.03
8.030000000000001
2.55
6.119999999999999
1.9
0.8999999999999999
2.9
5.9
15.13
3.6999999999999993
19.74
10.8
10.08
11.08
12.61
4.14
6.14
5.300000000000002
6.300000000000002
15.98
13.98
3.84
-0.16000000000000014
18.36
21.36
20.57
17.93
18.93
5.13
4.13
17.88
20.88
8.629999999999999
-5.37
7.63
16.759999999999998
16.12
4.73
8.43
17.810000000000006
-1.99
5.01
18.83
17.83
7.03
10.03
4.15
4.42
7.59
22.54
21.54
25.54
26.54
34.47
23.47
28.08
-0.8300000000000001
27.09
32.09
31.09
-3.13
19.55
7.41
19.58
26.58
13.58
26.95
7.0
2.61
-0.3900000000000001
5.4700000000000015
9.52
12.52
13.52
3.81
4.630000000000001
13.2
3.35
8.45
2.4499999999999997
6.449999999999998
4.11
1.1100000000000003
25.61
26.61
27.61
33.61
28.71
31.71
17.52
5.11
-0.8899999999999999
19.04
8.52
6.52
21.34
6.69
0.6900000000000004
20.24
1.4900000000000002
13.64
16.48
14.48
19.81
24.81
18.81
2.03
14.55
7.55
-0.009999999999999787
11.2
13.93
5.380000000000001
11.38
8.38
16.380000000000006
12.35
25.32
30.32
20.32
1.7100000000000009
-0.31999999999999984
6.68
3.68
-2.06
11.47
14.07
6.22
0.21999999999999972
7.66
10.5
6.5
8.219999999999999
2.22
16.21
21.21
0.2400000000000002
3.23
10.91
13.91
10.16
14.16
20.16
0.08999999999999986
-2.91
22.84
5.130000000000001
7.53
1.5300000000000002
-4.3
2.7
13.9
16.9
7.17
2.4000000000000004
1.6399999999999997
13.59
8.879999999999997
1.88
-3.12
5.53
15.16
29.77
31.77
34.77
23.88
25.88
22.88
27.62
25.62
32.620000000000005
30.62
13.6
4.68
16.64
10.84
12.75
15.12
8.77
1.7699999999999996
-2.7
6.5299999999999985
2.0700000000000003
-0.93
18.85
-2.08
2.92
2.15
14.5
-0.4699999999999998
11.73
5.73
16.37
25.41
29.41
18.41
5.050000000000002
-1.65
-5.65
1.27
23.04
1.93
0.97
5.97
7.84
5.84
16.92
12.920000000000002
15.94
17.94
20.47
14.03
17.03
9.03
10.58
8.78
22.45
-5.29
10.96
0.96
19.88
26.88
2.630000000000001
5.64
4.64
-0.3600000000000003
16.27
22.27
-0.34999999999999964
16.3
15.96
4.87
12.89
7.8900000000000015
16.52
17.740000000000006
20.74
7.76
1.5700000000000005
21.62
-0.8899999999999997
6.11
7.14
2.38
-2.62
0.3799999999999999
0.5499999999999998
18.9
14.87
17.48
15.48
-1.09
1.9700000000000009
14.71
-1.1399999999999997
5.960000000000001
1.33
6.130000000000001
23.52
8.25
15.89
5.449999999999998
8.88
4.880000000000001
15.88
22.5
17.81
21.81
8.35
3.97
-3.03
30.06
25.06
8.28
17.55
16.55
24.55
2.46
-2.54
0.46
-0.92
14.77
24.93
12.07
18.07
14.58
0.07000000000000006
-5.93
9.77
-2.28
6.6
-1.42
9.31
26.8
4.22
0.8399999999999999
12.31
17.53
23.53
12.53
9.73
-0.9299999999999996
3.14
2.14
16.66
21.49
18.49
15.489999999999998
8.32
7.24
14.24
-0.18999999999999995
-3.04
-2.04
23.6
15.6
25.91
-5.1
25.86
19.86
2.27
8.2
4.52
5.34
19.21
26.21
12.4
21.94
22.92
5.2200000000000015
26.86
25.67
26.32
3.640000000000001
2.640000000000001
1.6500000000000004
25.51
27.51
6.38
0.99
7.21
0.57
-2.43
1.5699999999999998
18.55
7.630000000000001
7.39
13.77
3.03
-1.97
1.0299999999999998
10.66
8.91
16.91
10.32
7.85
8.48
1.48
8.96
1.4600000000000009
6.67
9.67
-1.7400000000000002
2.97
-1.0299999999999998
5.31
0.3099999999999996
23.83
21.83
24.83
7.289999999999999
2.59
-0.41000000000000014
22.98
20.09
22.38
23.07
12.98
17.75
-0.23000000000000045
16.96
2.1100000000000003
14.829999999999998
12.72
7.72
0.03000000000000025
2.13
7.689999999999999
18.69
16.75
12.1
20.41
13.41
14.41
5.460000000000001
16.24
22.24
12.239999999999998
17.21
26.7
16.7
-5.49
17.77
11.83
12.33
28.4
35.4
33.4
3.6
-0.6699999999999999
20.54
1.2400000000000002
-2.76
16.22
18.22
13.22
10.69
14.17
15.19
14.81
15.74
6.97
-0.03000000000000025
-2.83
0.51
4.76
12.41
14.08
6.5600000000000005
15.03
5.36
1.3600000000000003
12.22
6.880000000000001
2.390000000000001
18.99
7.99
3.9600000000000013
4.960000000000001
21.47
-5.22
-4.87
15.04
3.4700000000000006
14.47
22.25
25.25
21.25
30.25
19.83
26.5
22.43
2.6899999999999995
3.43
-1.5699999999999998
-3.57
4.63
0.6299999999999999
-4.8900000000000015
-0.8900000000000001
4.96
6.25
5.25
18.15
6.53
10.53
24.84
32.84
29.84
10.19
18.71
17.31
23.31
10.59
0.9300000000000002
0.75
-3.25
18.48
4.47
6.47
5.22
-0.7800000000000002
0.5899999999999999
3.27
-1.73
5.24
12.38
11.44
13.79
16.79
2.73
0.5999999999999996
17.7
23.7
18.7
-3.39
0.71
3.87
2.07
1.0699999999999998
26.22
29.22
18.37
23.37
11.59
12.58
18.67
14.670000000000002
11.670000000000002
28.12
34.120000000000005
30.12
17.04
0.9
1.3000000000000007
27.56
21.56
17.11
9.6
-1.79
18.27
8.809999999999997
6.0
2.19
13.62
20.62
-1.82
-2.82
-3.82
3.85
16.060000000000002
14.37
16.369999999999994
15.65
6.62
5.9700000000000015
4.039999999999999
21.07
12.68
1.6799999999999995
17.56
12.42
27.92
-5.17
14.94
12.94
10.94
13.17
5.18
12.18
20.27
25.27
13.14
10.48
3.4800000000000004
28.49
29.49
17.37
24.37
2.2
3.2
0.6
-4.4
17.59
-3.4
-0.3999999999999999
21.92
28.92
1.34
7.199999999999998
2.1999999999999997
5.199999999999998
15.2
7.550000000000002
29.64
12.36
16.76
2.51
6.98
2.9800000000000004
12.04
29.45
26.45
31.45
12.11
5.6099999999999985
6.3599999999999985
23.87
13.09
14.31
18.31
1.6
-2.14
20.95
4.46
11.46
18.95
13.95
7.039999999999999
27.81
23.81
29.81
29.09
28.09
11.86
4.84
0.07000000000000027
4.300000000000002
17.18
23.29
-0.08000000000000007
1.84
-0.16000000000000006
27.82
26.82
31.82
6.99
5.99
2.17
14.32
20.83
16.880000000000006
19.15
23.15
16.2
16.810000000000002
13.48
10.21
6.210000000000001
-1.49
-0.49
22.46
17.68
21.68
18.18
3.05
4.789999999999999
1.41
7.130000000000001
17.130000000000006
8.03
14.56
3.1099999999999994
8.93
7.93
11.65
19.51
6.55
-0.4500000000000002
-0.4000000000000004
8.64
20.92
14.920000000000002
-3.46
12.28
15.41
19.41
20.18
21.09
9.17
15.17
20.67
11.5
1.9400000000000004
5.29
5.3
21.6
29.06
16.42
13.420000000000002
15.420000000000002
23.42
19.73
24.73
26.73
-3.2
2.8
7.86
-5.55
1.06
18.96
23.96
26.26
28.26
13.97
15.97
17.97
2.890000000000001
3.0
16.98
7.1400000000000015
15.18
23.65
9.53
21.52
29.01
27.01
25.01
26.01
15.38
19.380000000000006
18.380000000000006
22.380000000000006
2.54
-0.46
11.97
10.22
5.1
19.23
0.7199999999999998
5.49
24.34
-0.06999999999999984
29.12
2.36
1.36
-5.03
3.1999999999999997
8.37
1.3800000000000008
18.43
14.38
19.06
16.06
31.79
24.79
4.949999999999998
24.44
25.44
10.15
4.1400000000000015
20.37
21.37
8.74
9.74
3.46
7.52
1.5199999999999996
13.27
14.2
26.06
1.8600000000000003
16.07
14.62
-5.35
-0.08999999999999986
7.619999999999999
2.18
0.4699999999999998
1.1799999999999995
7.7200000000000015
3.21
1.55
16.18
19.95
16.95
26.89
6.199999999999998
21.44
16.439999999999998
16.240000000000002
11.74
12.74
7.62
1.62
-2.38
-0.3799999999999999
4.3100000000000005
2.3100000000000005
26.37
7.01
3.62
-1.38
28.07
19.82
2.380000000000001
23.61
31.61
29.66
22.66
27.66
24.66
1.2599999999999998
25.12
0.53
-1.36
2.4
-3.6
12.989999999999998
16.99
6.58
-2.03
0.9699999999999998
-2.1100000000000003
22.49
24.13
23.73
6.619999999999999
0.6000000000000001
17.41
5.6400000000000015
-1.8200000000000005
16.31
32.66
26.66
21.66
9.57
2.5700000000000003
7.7799999999999985
6.960000000000001
15.31
14.19
0.8700000000000001
28.35
21.35
22.35
27.35
20.65
19.65
0.7400000000000002
4.130000000000001
2.130000000000001
19.56
-0.4800000000000004
17.09
19.71
21.71
18.98
2.57
0.7
19.94
22.73
24.8
20.07
13.07
3.7
5.7
0.7000000000000002
-1.2000000000000002
3.8
-2.2
7.22
21.16
23.75
15.42
-1.4400000000000004
5.56
11.7
6.78
21.97
19.97
20.13
19.69
20.69
16.689999999999998
21.69
25.56
6.84
7.6099999999999985
-0.9000000000000004
19.9
12.63
10.989999999999998
9.989999999999998
22.34
26.34
25.34
14.82
19.33
20.33
-1.02
3.0600000000000005
18.14
14.14
11.84
-4.73
6.1400000000000015
-2.86
7.13
5.44
27.67
22.67
19.19
17.19
18.64
3.89
6.61
-4.37
-1.37
-1.04
7.800000000000002
24.82
-0.2999999999999998
1.2199999999999998
-3.9
-0.8999999999999999
25.14
17.58
8.02
10.05
7.050000000000002
14.05
13.63
20.630000000000006
11.62
4.619999999999999
19.48
20.48
6.04
22.44
18.44
12.44
5.59
-1.58
-2.58
-4.54
19.4
17.4
20.45
12.24
8.7
-1.54
0.009999999999999787
15.7
11.57
5.1400000000000015
23.5
29.5
5.3900000000000015
7.3900000000000015
6.3900000000000015
-1.5099999999999998
-1.8600000000000003
-2.8600000000000003
19.17
-1.63
10.43
10.89
23.89
5.0299999999999985
7.0299999999999985
28.85
30.85
16.73
6.32
6.87
-0.1299999999999999
15.37
21.98
5.05
14.989999999999998
0.9500000000000002
-1.1800000000000002
0.3700000000000001
15.39
15.68
13.68
6.039999999999999
20.28
12.170000000000002
13.04
26.24
33.239999999999995
6.6099999999999985
21.84
19.84
1.0399999999999991
5.039999999999999
13.85
12.85
4.2799999999999985
26.13
22.13
-1.62
-0.9700000000000002
16.97
2.98
13.03
-4.04
22.9
17.9
25.0
32.0
1.8
15.72
3.7200000000000006
19.57
1.4699999999999998
6.8599999999999985
-1.12
1.0199999999999996
14.02
18.16
22.32
1.01
4.2200000000000015
7.2200000000000015
16.119999999999994
-0.9800000000000004
21.3
-0.8700000000000001
17.87
28.45
32.45
10.18
27.2
27.4
32.4
26.2
27.26
33.260000000000005
18.32
21.32
24.32
-0.4900000000000002
16.84
13.84
1.15
-5.85
18.29
20.29
7.02
3.96
12.03
23.27
28.27
20.46
16.46
16.4
-0.7300000000000004
-3.09
23.48
-4.01
-5.01
29.26
20.26
31.26
25.38
13.38
-3.29
31.03
1.4700000000000002
4.4700000000000015
12.23
6.2799999999999985
17.369999999999994
22.37
0.5700000000000003
14.65
4.460000000000001
6.13
29.16
24.16
21.67
16.67
3.2200000000000006
18.56
12.17
7.44
22.28
18.92
6.0299999999999985
5.39
7.47
5.47
8.94
2.52
0.79
26.97
36.97
18.89
21.89
2.6100000000000003
-0.9699999999999998
16.83
10.829999999999998
-1.17
22.42
24.42
28.42
13.45
1.3200000000000005
-3.78
26.51
19.77
20.77
29.39
34.39
30.39
2.37
-1.06
27.16
23.16
14.1
0.4199999999999999
-0.5800000000000001
-4.7
-5.7
27.71
17.009999999999998
3.3200000000000003
29.72
30.72
20.44
27.44
23.44
25.97
-4.2799999999999985
1.3099999999999996
0.9700000000000002
12.99
26.96
19.28
5.26
2.79
26.44
13.69
22.65
24.89
27.89
15.29
1.2999999999999998
1.46
29.02
35.02
26.02
-3.24
16.740000000000002
-1.2999999999999998
6.59
27.57
-2.18
-0.17999999999999972
21.55
27.55
20.55
2.94
25.82
32.82
1.7800000000000002
4.369999999999999
12.37
17.46
24.46
-0.3200000000000003
23.79
25.79
9.29
1.8000000000000007
34.19
18.39
14.54
1.8699999999999992
1.5399999999999991
13.54
-0.91
23.64
30.64
13.7
20.98
17.689999999999994
7.74
18.58
11.579999999999998
23.67
-0.3899999999999997
-1.3899999999999997
-3.62
3.5399999999999987
17.85
3.6300000000000012
2.43
-4.57
-2.27
-4.82
-0.8199999999999998
21.43
20.43
10.99
-0.5300000000000002
27.79
29.79
28.73
27.73
1.7
-2.3
1.8900000000000008
-0.3500000000000001
32.120000000000005
-0.5499999999999998
16.189999999999998
-2.5
28.61
24.61
12.67
17.63
28.93
-2.21
-4.21
1.7799999999999994
4.34
6.44
7.539999999999999
21.87
-5.2
6.35
5.23
20.94
19.36
20.36
1.0999999999999996
19.03
7.449999999999998
-0.27
1.9000000000000004
32.96
28.96
5.8900000000000015
31.54
2.9700000000000006
-0.09999999999999998
-3.1
13.989999999999998
22.99
4.699999999999998
-3.54
17.189999999999998
18.35
15.63
14.53
0.4000000000000004
9.4
17.67
17.02
17.27
23.76
14.73
10.73
20.73
31.48
34.480000000000004
-0.8200000000000003
2.9399999999999995
23.86
8.379999999999999
8.620000000000001
20.72
0.85
18.04
1.9800000000000004
18.28
4.56
0.5599999999999996
5.81
-0.1900000000000004
12.0
19.63
5.880000000000001
0.74
-0.26
4.19
14.010000000000002
12.010000000000002
23.01
15.64
22.1
14.13
22.16
-0.01999999999999957
2.31
18.6
17.01
10.010000000000002
16.01
24.01
28.8
22.8
20.97
18.61
14.489999999999998
0.8499999999999996
2.81
0.81
29.98
33.980000000000004
4.3900000000000015
2.1899999999999995
-2.3200000000000003
0.13999999999999968
16.81
1.4399999999999995
20.1
25.1
0.73
1.73
13.18
14.85
9.44
1.14
5.14
-5.38
0.2599999999999998
0.0
17.72
-1.0499999999999998
30.61
22.18
-2.45
-4.45
4.03
0.1900000000000004
19.1
-0.4099999999999999
8.719999999999999
15.57
-0.7599999999999998
-1.7599999999999998
-3.76
31.5
2.210000000000001
5.8100000000000005
19.32
20.23
3.77
-0.73
-2.73
23.34
24.51
7.439999999999999
-1.48
0.029999999999999805
28.05
27.05
-0.6399999999999999
21.77
26.85
21.85
29.85
30.67
5.46
26.68
24.68
22.36
15.66
16.44
18.52
16.16
23.72
26.72
27.72
-0.4199999999999999
-4.42
-4.62
-5.25
-6.02
17.38
3.6199999999999988
2.619999999999999
0.93
-0.06999999999999995
11.76
28.72
18.76
24.3
-4.63
1.5500000000000007
1.18
26.19
6.539999999999999
18.25
-5.21
4.449999999999998
18.63
22.51
17.76
21.76
20.76
0.2699999999999996
-5.24
0.76
27.13
31.13
0.9299999999999996
-0.25
-2.25
23.82
3.140000000000001
4.81
-2.41
11.39
-4.0600000000000005
1.6800000000000002
-5.32
-1.3199999999999998
3.3599999999999994
4.3599999999999985
2.6900000000000004
-0.3099999999999996
24.97
12.95
13.67
-4.46
25.37
18.26
11.260000000000002
13.260000000000002
19.26
-2.39
-0.53
23.55
5.800000000000002
16.130000000000006
-3.88
-0.1200000000000001
4.25
2.77
-0.23
12.760000000000002
23.32
30.37
1.6199999999999992
13.489999999999998
23.06
27.06
1.56
-2.44
-1.44
1.0300000000000002
-2.97
-1.45
24.36
14.01
16.26
22.26
12.15
26.46
17.560000000000002
27.45
0.5300000000000002
29.37
32.370000000000005
18.97
16.36
21.880000000000006
17.22
23.22
32.54
27.54
5.8599999999999985
3.49
-1.4300000000000002
-0.4300000000000001
19.46
-0.3700000000000001
-3.75
25.2
7.3599999999999985
23.92
-4.2200000000000015
25.22
27.22
-1.67
-4.99
5.3100000000000005
21.48
32.480000000000004
4.71
18.009999999999994
13.72
7.949999999999998
18.19
-1.43
22.56
2.140000000000001
21.46
17.23
22.23
-2.64
5.28
1.1300000000000008
-2.42
12.02
22.02
27.75
-5.19
20.71
26.71
24.28
26.28
27.28
-0.1499999999999999
4.02
15.329999999999998
1.4800000000000004
24.21
30.21
33.120000000000005
26.12
0.9900000000000002
1.2699999999999996
0.43000000000000016
-3.3600000000000003
2.04
19.54
13.829999999999998
2.44
25.83
-3.66
1.9600000000000009
-3.89
-4.49
24.22
20.22
-3.55
24.17
14.170000000000002
23.71
22.71
5.88
25.58
27.58
0.5099999999999998
15.22
21.1
-1.75
1.49
-4.23
-0.5299999999999998
-1.5299999999999998
24.03
13.12
24.12
1.1800000000000002
28.65
26.65
2.56
-3.44
24.41
-0.8499999999999996
3.1500000000000004
25.43
26.07
-2.07
-5.58
23.59
18.87
22.87
31.27
27.27
26.27
12.670000000000002
13.32
0.4900000000000002
28.23
25.23
19.0
-5.3
-3.3
17.89
21.26
-1.0
-0.2699999999999996
20.42
29.13
0.14000000000000012
10.510000000000002
30.9
23.9
17.28
1.92
-2.81
-0.11000000000000032
-3.14
4.380000000000001
18.47
29.73
29.86
27.86
31.86
12.43
2.460000000000001
24.69
13.239999999999998
21.53
2.8599999999999994
1.03
-4.97
0.030000000000000027
5.699999999999998
20.14
-4.08
1.8800000000000008
3.8800000000000012
-3.86
-1.86
-4.27
-1.27
22.41
27.41
23.41
19.49
2.3000000000000007
15.24
20.03
-2.88
0.33999999999999986
3.5500000000000007
7.710000000000001
7.08
0.06000000000000005
26.76
29.76
-1.7699999999999996
-4.95
9.170000000000002
13.170000000000002
24.29
27.29
32.29
-6.39
-4.25
0.78
2.86
24.54
7.699999999999998
0.049999999999999815
15.92
-0.79
26.4
30.4
23.4
24.09
23.09
-1.23
-3.23
-3.81
-0.54
0.8600000000000003
27.14
26.14
26.47
16.74
13.739999999999998
0.9800000000000004
-1.0199999999999996
22.64
21.64
-4.58
8.309999999999999
1.43
-0.5699999999999998
24.77
20.19
2.4400000000000004
3.4400000000000004
13.079999999999998
0.2999999999999998
21.75
23.95
1.39
-5.61
3.8699999999999988
0.6400000000000001
-3.17
-3.38
-3.08
4.0
27.42
-1.66
-2.24
4.289999999999999
18.08
1.7300000000000004
-3.51
-0.5099999999999998
29.29
36.29
22.29
-5.52
-0.52
-2.1500000000000004
2.4399999999999995
4.7200000000000015
17.880000000000006
18.880000000000006
27.65
29.54
21.78
25.93
-1.57
6.8
23.05
24.05
8.469999999999999
26.57
30.57
12.329999999999998
13.329999999999998
-3.79
0.82
-0.9300000000000002
0.06999999999999984
20.51
1.4300000000000002
25.69
26.69
22.33
23.33
0.6599999999999999
-5.34
4.3
-0.28
-0.41
27.31
29.96
33.96
22.96
-1.7800000000000002
15.260000000000002
21.06
20.06
20.02
25.02
-0.4299999999999997
-5.12
8.190000000000001
1.1199999999999992
-2.6500000000000004
3.1300000000000012
16.69
-2.65
22.83
26.52
22.81
6.03
-6.35
27.37
-0.09999999999999963
6.460000000000001
21.41
22.31
29.8
30.8
28.69
-2.32
3.0500000000000007
32.43
31.43
21.01
23.93
16.32
28.3
26.79
26.11
23.11
20.31
27.96
21.9
15.739999999999998
6.2200000000000015
-3.22
29.56
24.56
17.35
26.93
1.68
-0.3200000000000001
26.3
-4.5
1.6300000000000008
-1.64
17.240000000000002
29.44
3.4499999999999997
23.24
29.71
29.3
35.3
-2.85
0.4400000000000004
-6.1
-4.5299999999999985
-0.22
-2.22
-1.22
25.76
0.9000000000000004
20.01
29.89
35.89
30.89
25.89
1.9499999999999995
24.1
30.1
0.27
25.08
15.079999999999998
17.15
13.15
18.68
18.34
-0.8400000000000001
33.04
31.04
28.77
20.2
2.06
-1.91
-1.84
21.93
23.94
27.88
24.88
29.88
21.88
-1.11
0.8899999999999999
-5.11
4.199999999999998
-2.78
28.06
24.2
0.20000000000000015
-2.8
-2.84
-0.34
29.34
0.28000000000000025
23.77
1.3900000000000006
25.81
25.85
34.85
-3.83
22.2
-0.94
22.72
32.16
28.16
0.23000000000000045
-6.28
-4.28
3.890000000000001
19.22
28.82
-0.16999999999999993
3.0399999999999987
25.55
20.89
1.7400000000000002
-0.6500000000000004
7.380000000000001
22.06
20.93
-0.11
19.09
21.630000000000006
-4.09
24.95
-2.51
17.45
22.59
33.84
26.84
27.6
29.6
25.72
18.72
4.0299999999999985
18.0
25.87
-0.2
25.71
18.11
-2.29
3.3000000000000007
29.57
22.57
0.7799999999999998
-1.2200000000000002
17.619999999999994
-4.84
1.32
31.94
14.329999999999998
1.1999999999999993
0.040000000000000036
26.25
3.9700000000000006
-3.53
-5.92
4.210000000000001
-1.96
1.74
0.6500000000000004
2.6500000000000004
-4.11
29.69
35.69
36.49
34.489999999999995
30.49
18.05
25.05
0.56
-6.44
32.04
29.03
22.03
20.49
3.7100000000000013
28.99
24.7
-0.7699999999999996
-6.32
-0.6299999999999999
21.8
-4.69
2.48
-4.52
-3.28
19.64
0.41000000000000014
31.16
1.2300000000000004
0.48
2.93
14.239999999999998
30.95
21.95
0.8600000000000001
7.939999999999999
20.34
-2.66
4.5600000000000005
3.3600000000000003
25.9
1.1900000000000004
4.539999999999999
25.46
0.6799999999999999
8.059999999999999
28.88
21.03
31.9
31.56
26.56
32.56
20.66
25.66
-0.7199999999999998
-1.3600000000000003
-1.2799999999999998
17.62
3.7899999999999987
-0.5999999999999996
25.33
21.15
23.28
25.28
-2.56
30.65
29.65
1.1500000000000004
-3.07
-6.27
22.7
28.0
-3.31
1.2
-4.1
24.27
-6.37
24.14
26.35
16.630000000000006
-1.2699999999999996
31.98
11.510000000000002
22.86
-3.77
13.44
-6.01
3.4399999999999995
8.440000000000001
1.2799999999999998
-2.89
-5.99
-2.99
-1.4500000000000002
27.47
18.74
5.710000000000001
-0.5599999999999996
1.7200000000000006
17.380000000000006
-0.8599999999999999
24.96
33.34
24.19
15.08
-2.3600000000000003
-5.23
22.880000000000006
20.880000000000006
-3.8
21.28
32.67
28.67
25.74
9.739999999999998
24.58
-3.27
1.0
23.23
7.8599999999999985
2.5600000000000005
-0.6599999999999999
-4.51
20.81
-4.9
23.54
20.25
26.62
-3.41
-3.65
35.84
28.84
1.1899999999999995
20.39
-1.9400000000000004
0.7300000000000004
-4.24
-0.37
24.59
28.59
27.59
30.63
25.63
26.31
-5.76
20.53
-0.99
33.66
31.01
30.01
33.010000000000005
28.97
-6.43
-5.43
1.3199999999999998
-0.71
-1.71
-3.48
-3.99
24.0
31.0
1.4400000000000004
-6.25
-6.45
24.71
-0.30000000000000004
28.68
-0.9500000000000002
7.460000000000001
17.869999999999994
0.4299999999999997
-0.5700000000000003
13.46
-1.0699999999999998
-1.87
34.46
28.46
34.57
23.57
25.95
27.17
34.17
0.3599999999999999
-3.63
1.3699999999999992
0.6600000000000001
28.86
31.59
20.85
-2.36
0.62
3.3800000000000012
25.31
2.289999999999999
5.289999999999999
-0.9400000000000004
17.44
-4.47
1.1399999999999997
-0.15000000000000036
-4.79
31.58
19.78
22.78
26.78
2.539999999999999
0.6200000000000001
22.55
27.95
-2.12
3.4600000000000013
0.25
24.39
-3.73
12.079999999999998
24.31
0.4800000000000004
2.7100000000000013
2.0600000000000005
24.62
2.4700000000000006
22.95
-6.07
32.07
8.120000000000001
3.39
29.2
15.010000000000002
-6.03
-5.0
0.15000000000000036
0.08000000000000007
29.48
30.48
0.87
-4.13
-6.13
28.01
34.010000000000005
27.08
-4.02
25.57
-0.8399999999999999
30.08
29.99
27.93
19.02
15.829999999999998
-5.66
-0.13
5.369999999999999
29.46
-0.44
-0.8799999999999999
2.8200000000000003
28.28
21.91
-0.05999999999999961
2.9600000000000013
29.31
0.8099999999999996
-4.68
-3.45
-1.88
26.05
0.8799999999999999
0.5699999999999998
22.4
24.72
32.72
21.42
10.420000000000002
24.26
26.9
-0.24
-1.24
20.5
26.55
20.15
31.6
-4.16
27.91
24.48
27.48
14.510000000000002
8.940000000000003
2.7899999999999987
33.730000000000004
11.239999999999998
28.74
31.66
27.04
28.18
25.53
-3.71
17.939999999999994
23.45
-3.64
-6.23
23.25
21.2
0.6799999999999997
6.380000000000001
-2.47
-3.47
0.23
23.68
30.6
26.6
1.8599999999999997
8.870000000000003
0.01999999999999957
23.69
27.69
27.3
29.67
-0.28000000000000025
35.98000000000001
-0.3300000000000001
30.81
-2.72
1.0700000000000005
26.08
-2.0
-1.5599999999999996
26.29
28.22
30.22
32.22
0.10000000000000007
28.55
2.1900000000000004
26.77
22.77
30.34
28.34
1.4000000000000004
-0.18000000000000016
-0.3599999999999999
-1.26
-0.6799999999999997
26.53
-5.9
-2.6100000000000003
-3.61
-4.43
25.73
32.730000000000004
27.24
30.69
24.38
25.35
28.57
14.079999999999998
20.08
3.1199999999999988
-5.95
28.75
24.75
31.75
20.52
22.52
30.28
27.32
-0.47
21.11
0.2799999999999998
-4.22
-3.5700000000000003
-5.57
0.6800000000000002
35.28
19.99
28.56
27.23
-1.2199999999999998
28.43
24.74
26.74
-1.14
0.8599999999999999
24.92
-2.94
-3.94
25.77
28.41
-1.6900000000000004
-2.26
-2.79
-3.84
0.10999999999999988
-1.34
-3.35
-6.19
-2.68
-0.1399999999999999
31.05
25.99
31.99
-2.19
1.6999999999999993
24.78
29.78
-0.4
-6.0
29.35
29.0
29.92
32.92
33.92
-0.2200000000000002
20.91
26.1
24.63
-4.38
26.23
-1.5
2.0500000000000007
-5.77
-0.8500000000000001
31.37
29.55
23.43
-3.92
25.13
30.13
30.46
-0.76
28.17
-0.030000000000000027
32.71
-2.4000000000000004
28.94
0.5299999999999998
20.78
2.6999999999999997
17.439999999999998
-0.56
15.239999999999998
-3.85
-1.72
-4.72
1.0600000000000005
14.739999999999998
31.23
27.34
31.34
-1.81
19.880000000000006
-0.06000000000000005
29.51
-3.59
2.1500000000000004
-0.3899999999999999
4.800000000000002
30.02
24.64
-0.13999999999999968
30.35
-3.16
27.68
10.489999999999998
-6.49
-0.8200000000000001
-5.82
16.310000000000002
28.44
30.44
-3.19
10.239999999999998
12.829999999999998
-0.14000000000000012
-3.97
1.4499999999999993
-0.029999999999999805
-2.98
31.92
28.1
-2.77
7.2799999999999985
-2.02
-3.56
-4.4700000000000015
-0.96
20.11
31.11
29.11
-5.86
-4.86
22.05
-2.6
32.97
31.97
-0.6400000000000001
-4.94
0.6399999999999999
33.480000000000004
24.43
11.079999999999998
23.39
-4.17
-0.75
31.64
0.3600000000000001
-5.8
-1.98
28.32
29.32
28.2
34.2
30.58
29.58
31.49
6.289999999999999
-1.18
-3.18
0.7200000000000002
-1.5700000000000005
22.08
28.5
-0.07000000000000027
30.97
-1.7200000000000002
24.11
1.2200000000000002
1.3899999999999997
0.26
32.52
-2.53
26.33
30.33
28.39
-1.5300000000000002
4.869999999999999
36.09
1.44
33.85
29.75
-5.42
2.369999999999999
0.24
-2.4800000000000004
24.15
31.15
27.11
32.11
-0.21999999999999972
22.74
33.54
-3.87
-1.74
29.53
34.53
32.53
8.780000000000001
22.68
24.04
24.23
-1.3499999999999996
21.74
24.25
-1.0700000000000005
31.55
-2.8200000000000003
0.3899999999999997
-0.6100000000000003
-1.3
9.239999999999998
24.76
29.7
-2.4400000000000004
29.04
35.52
21.05
30.26
-6.33
30.71
-4.67
-2.75
-4.55
-0.81
0.30000000000000004
-0.74
-2.96
25.59
25.92
33.510000000000005
-2.33
-2.71
-3.49
17.630000000000006
23.14
-2.48
1.9399999999999995
28.76
27.21
29.15
25.42
32.42
2.8000000000000007
-1.19
20.58
24.33
29.14
-4.34
-4.74
-1.6
-0.35
1.6099999999999994
-0.69
1.4700000000000006
31.18
-1.7799999999999998
26.87
32.02
31.12
34.3
33.3
30.3
26.49
-4.78
30.16
23.56
26.75
32.44
31.44
34.86
3.1900000000000004
22.22
29.4
31.4
-0.10999999999999988
29.74
33.739999999999995
25.64
-4.39
4.710000000000001
33.16
-4.8
-1.8
12.420000000000002
20.63
16.63
29.47
20.35
27.39
1.7799999999999998
13.579999999999998
30.98
-1.51
0.49
33.15
22.6
25.78
-1.1799999999999995
11.989999999999998
27.38
17.509999999999998
25.16
21.17
