3
6
8
4
5
5318
15
7
12
20
1
433
14
32
16
17
5240
4975
10
31
25
18
668
19
9
24
13
753
748
1138
33
11
21
29
5261
3238
2607
28
2724
30
1224
570
207
3366
5565
713
3951
5189
872
2199
2862
3863
23
34
3579
1649
2
4353
3010
2127
3959
27
3325
2398
4595
2800
964
2867
2660
707
5389
525
1228
1115
26
2621
2866
1352
22
5199
3801
5721
3487
3755
2882
4614
2550
5627
215
438
2565
2091
4892
5645
2620
5639
3826
4831
2232
2200
3067
73
2197
2701
3614
533
1684
1473
3050
3769
2057
2310
1215
1032
910
4452
2729
1142
1708
4263
4480
4350
4363
128
3902
3352
2771
213
2865
4195
5069
3200
2304
820
1909
348
5397
1319
232
1033
4220
1646
3800
4757
76
3314
1944
4232
3808
3881
4153
4793
316
2764
1908
115
1886
949
3813
3319
2894
849
2779
369
284
4464
3709
4541
1972
5061
2431
3641
4033
1634
1592
330
5446
938
3868
4316
989
2060
3958
5111
2492
4848
690
2011
5114
2869
4755
1371
2059
2170
4216
2943
5369
498
1482
4503
5544
2136
4323
3225
4093
94
3062
1663
3857
4349
561
1496
5124
5717
2562
4998
2366
3521
2723
2227
4170
3529
4616
2084
4471
1918
4194
3069
5651
890
1397
4012
1601
738
4559
4540
2003
3132
2877
563
1913
4945
401
4034
288
5547
679
5398
3262
3779
2544
5147
3316
2347
2238
4311
5747
2994
1227
5521
2286
4039
946
4181
3616
671
567
520
1626
3613
3413
2125
1965
846
3250
1251
870
4047
2015
1439
3276
3034
5564
821
792
3214
1942
2828
4552
4744
3300
5165
2410
5196
1117
2159
552
393
1443
2826
4235
5474
4662
4652
1878
4467
2616
1028
2452
2157
2078
5548
142
106
672
224
162
4197
5078
2171
3522
2633
4531
652
4219
3087
1205
4708
1833
4209
4670
5370
3830
3658
1396
5641
4709
4344
4315
955
1322
3438
450
3878
4967
2165
2377
5473
990
464
4804
2025
5207
1087
1884
4838
823
3693
5104
1277
2610
5237
5722
4460
457
170
4752
5598
519
1951
5141
2499
501
2071
3334
3070
468
5413
3370
74
3834
1480
1384
2697
2203
3518
3912
936
3603
1090
3415
2576
620
4456
4567
4676
1813
940
5671
5229
343
67
2915
1495
3497
3178
5682
797
1360
577
5629
454
1479
583
108
5214
1176
1331
289
2678
2357
2932
4445
3194
2557
1998
1132
5201
3856
1846
4961
1109
1874
5329
1189
2302
5745
3023
1882
4063
5773
4156
1787
422
1363
5739
279
3552
2301
2753
2605
5615
3365
4795
1703
858
1898
271
1208
5162
1902
1169
1570
3263
5359
511
87
1379
778
1304
1551
5424
718
3494
1266
4396
4296
1740
2140
2131
3663
3678
1350
1904
1380
596
2096
2577
5788
4819
382
2217
1192
1120
4494
5268
3625
4271
2462
3315
247
3871
1195
3496
754
2229
2735
1729
3493
2037
5709
1996
2725
733
527
1165
3672
2326
1641
4845
2063
4739
939
1275
4417
4444
3590
1662
5763
5198
1881
1794
3475
2183
471
140
3510
1738
2900
3321
2403
2478
3588
1618
4113
4604
4097
1921
971
1523
4653
2023
3398
4849
1027
5130
1345
2054
2797
4722
844
5694
5697
5437
916
2975
328
5556
299
3669
2348
3596
5181
5066
710
2992
1960
4623
4435
4536
739
2626
3659
4948
2891
4403
3851
2738
3462
5348
1553
75
306
3186
1333
1621
3730
2099
4101
1084
5589
5218
4751
2041
4223
5567
2832
1580
4256
3855
2489
1692
1511
982
4505
1690
757
1232
5756
4897
3668
3647
4255
988
2076
4375
5168
5004
4254
2485
2848
177
5743
2139
1935
1113
206
5231
4991
4689
1071
4870
4733
5718
816
1025
4347
1832
4096
3259
2714
4500
2540
1970
4647
1816
1172
2338
4337
2571
4828
2206
3849
3782
3790
967
2548
3597
1615
286
3446
3660
1093
1683
4905
3547
4372
243
5762
2120
845
1899
4995
2147
3617
3722
4685
151
2209
4543
373
59
4354
3058
378
5670
4745
1112
2226
1767
5135
3925
334
410
1044
2142
3270
5457
3291
1822
1985
1082
4651
1272
3444
4889
2885
1293
4922
470
5676
5699
2632
726
3064
4272
4002
1305
2158
5419
3887
1217
4797
4302
4248
917
3740
5485
89
5618
2993
4989
5145
2435
3892
729
1459
751
3548
1100
4888
3312
4884
5602
1562
4785
913
922
3980
2205
1508
4257
2168
370
3445
5656
1760
2466
3130
1590
1723
1807
1413
996
208
2630
260
4912
332
1245
2104
1258
2388
1145
5590
136
4018
2428
2831
146
5546
107
4901
2370
5136
3395
968
954
4862
274
3450
906
405
4120
1091
4214
4566
443
4437
2270
2896
2201
1778
1337
495
4225
4449
4915
5028
3819
5704
3761
2804
3604
1292
1984
2934
2441
2438
5686
4521
1175
1442
3151
2643
1927
5033
326
4601
2703
3116
4789
4578
1669
5698
5640
808
4308
4046
2712
4091
4855
1579
3898
1253
4805
1267
4753
95
3788
296
4288
1999
4813
411
4827
1229
1019
4264
3235
1947
1617
3213
5371
5561
1367
3551
3664
4352
4625
2319
5418
3076
1010
2342
3732
5701
2665
200
4364
3326
5263
473
1002
2750
5623
2823
997
4069
1499
4800
5027
4340
5655
1248
4704
5266
3773
3705
2484
4613
4300
4066
2189
5090
4140
2180
4756
2487
2512
3055
2808
197
5184
5423
1424
4169
804
5293
5427
3828
929
3929
4142
91
1191
2356
1297
4930
1161
3628
2216
4339
854
918
863
2118
3570
2318
2119
3193
3718
4909
1550
5510
2970
3474
4874
3911
4249
2109
4172
1274
2133
987
3657
1325
1173
4605
4936
1200
4776
120
5188
455
624
4281
1246
1696
4561
4478
2030
493
819
887
1866
3089
3706
3020
4817
608
2781
2817
4985
2805
4423
3217
1060
903
3541
3443
1111
5581
3514
2963
5585
4024
5677
1966
295
2284
356
974
4815
799
696
3582
3184
2129
3566
2745
4894
623
2733
2017
1237
448
4413
2469
4001
3827
2056
459
5212
3605
2267
1558
5059
3987
504
3970
4124
1434
2252
4382
174
2583
2731
818
1688
1303
5166
4530
5732
2944
3297
5072
3204
5505
1221
1310
1152
2486
4780
556
4366
3549
2536
2463
4419
3382
4796
5057
2535
780
1429
3621
265
3778
3564
2325
426
2711
536
60
5123
5712
3232
731
4669
5416
1756
3135
2996
531
81
1906
144
5108
4371
238
2859
3110
1839
1583
377
4620
4376
5286
581
4942
3867
3244
4877
2988
3637
3716
3650
866
5633
4710
2121
2278
2648
1812
1780
1014
758
4466
2361
3059
3506
5477
4485
3317
3720
1202
2467
5649
1754
2834
3256
1620
3433
417
1004
4000
1773
64
684
1661
1329
689
2909
4590
4360
4563
4571
2815
692
1535
4389
5705
2299
2997
795
5737
1869
5731
2454
981
4420
5070
5347
4004
1525
4021
889
5710
2323
388
3901
3777
390
1486
2336
5264
3028
4792
2173
291
1803
3571
610
1606
482
716
3481
3862
4407
5285
4052
3143
3222
2851
4906
774
4237
318
406
2960
732
2628
1861
3447
1693
4575
290
5713
4738
297
1128
2973
810
3938
2080
5532
1265
3120
160
3530
1685
2874
3119
5452
2258
2617
1603
572
5392
3662
4588
4043
3895
3792
2751
2875
3527
2114
2172
584
2634
4523
3920
4058
465
4176
5545
5425
440
1698
1629
391
2081
4803
3114
554
2300
3139
2014
720
2305
4418
3535
5071
4356
5262
2759
3030
4313
2597
3480
4182
4488
5520
2449
3947
2549
2794
1051
2578
2417
2659
1586
1719
4201
3921
2094
5233
5663
1392
750
1095
4581
2113
5386
3770
5593
3257
5797
3037
3470
3999
3626
1106
1529
3054
362
648
1876
781
5364
203
249
826
3465
4553
634
736
5428
3322
2259
5512
1294
937
2069
3707
441
4098
2379
1802
682
4843
873
3684
3065
5789
5062
2340
5277
2654
1012
5707
2440
472
4253
2034
3794
1287
261
363
2393
5535
4370
5287
2327
3417
3467
2451
5770
1030
5472
100
1671
1085
5100
3057
5751
2329
3021
2839
2802
4426
1755
661
2595
323
4146
4491
246
5215
1713
113
2818
3562
3061
2369
2413
3524
2870
1053
1519
3990
4527
4213
2956
613
259
4544
5432
2649
5775
3950
5133
3009
835
5131
4117
2309
2822
5447
1478
1326
972
2696
1830
1976
4077
5630
5695
2528
1627
4974
5385
3860
3540
4431
2553
4028
494
5307
3749
2713
3427
5552
2383
3351
4267
1842
4062
2308
3043
4236
5312
4927
591
3667
3936
4114
4026
3218
5703
3765
2061
3239
5481
4378
4177
2830
5241
4586
430
1127
3531
794
3017
1156
3332
1619
2194
2192
5092
1383
1164
612
3816
3371
5265
674
5740
965
3992
1982
2674
3624
3255
360
5527
4982
1037
1171
413
453
2279
3000
447
609
98
4050
2958
4842
1110
5733
1052
1922
2740
1212
186
4103
2556
3093
3568
2290
4860
3536
1081
2257
998
4703
2093
281
3032
2401
3691
2374
1741
5469
2055
883
419
1680
5507
5592
3909
3223
77
5399
2343
1160
5526
642
5531
2098
1086
948
2716
3873
5774
3048
2382
5323
4759
3841
4535
3273
1574
4542
4495
4548
524
3278
3953
1655
2330
5242
5126
2510
5672
3095
4430
5291
5279
2935
4041
1589
3932
5580
1024
5776
702
99
1920
4321
3883
2629
5024
1475
3852
5105
5080
1487
1462
404
881
4027
1667
3519
4690
262
2235
2123
5393
3221
4898
2744
2225
2585
639
1758
749
2532
802
2747
3045
4639
3103
4832
92
4736
2937
3033
5077
355
2430
4587
3539
5068
935
926
2954
3653
4891
137
4239
2886
2825
4606
1895
4230
2778
5435
1179
3964
5560
5771
418
2468
5122
1391
3231
963
5272
3460
2444
4524
5624
3600
991
1718
312
4672
629
888
956
1262
4987
601
5529
5079
3488
3022
3196
3400
381
1585
1464
1390
4185
3129
2782
1196
4932
3331
2702
1313
2367
2566
1144
5351
4391
4632
4079
1450
4712
3906
2961
1789
1522
3886
2706
4584
5232
2700
3831
4425
4446
2077
5142
3471
2964
2772
1133
1079
2337
1426
4287
3676
4104
219
3085
159
375
3177
2889
102
407
5752
4118
268
2863
4714
4962
101
3202
2372
4017
5616
1347
387
5729
