3
2
1
7
4
0
8
5
6
9
10
1414
1231
67
572
1488
91
528
1647
1696
1338
649
889
1668
685
857
975
1496
1534
1620
37
1388
1429
1332
1588
120
1777
1096
803
494
744
1139
831
1613
741
121
665
1748
1644
823
1356
1651
87
711
450
210
1671
1722
648
672
1662
1495
510
666
429
1131
1434
980
1026
526
718
1300
1312
1315
501
1566
480
1042
322
628
1016
333
1265
791
427
563
905
1190
1036
1611
38
619
555
1769
280
752
1201
812
1487
222
212
1019
1222
610
1714
1308
525
1158
1115
1616
754
1601
797
1577
521
703
933
959
809
1089
1656
1113
1715
964
1533
1789
871
434
1295
565
1724
603
677
541
698
1101
464
1539
1462
1011
1257
1727
45
244
1266
897
535
484
331
675
826
946
1675
105
1327
845
549
473
710
527
908
68
1628
371
445
1168
868
687
455
1003
26
1526
618
598
351
1342
1783
683
1557
1335
416
1747
137
1475
373
338
942
170
973
1605
1478
386
1448
1033
1225
596
1731
1214
1481
1105
580
347
108
148
1001
1467
1114
1000
632
246
1032
1394
689
482
1303
720
574
588
1358
650
708
179
844
1140
335
60
732
1494
1436
820
28
1576
818
794
731
534
556
691
1197
1155
1255
1763
769
1124
819
318
1418
882
61
264
194
1798
611
840
505
1110
719
1065
195
584
550
1014
1022
903
976
31
417
1423
1148
616
786
1424
55
1061
1293
342
43
1540
488
1122
1274
1075
722
1268
41
814
1564
1390
1141
497
224
1135
441
374
74
314
1408
475
1015
681
1236
59
1425
1637
1240
299
1657
1123
1091
1264
1561
1632
1562
305
1318
1217
1699
1070
864
1391
112
860
595
229
1624
1051
821
1794
1565
397
1368
1353
508
1725
1413
1239
847
1317
570
-1
302
456
198
122
832
167
1547
1666
1241
275
566
1779
201
334
1169
834
1174
1040
530
1676
1468
1093
706
489
1592
688
830
1784
1543
1600
1178
228
483
1501
950
548
870
1211
604
804
129
540
1702
1636
1680
1443
1252
499
180
702
885
1652
795
938
833
1654
1793
303
1621
1516
1138
32
160
1491
83
423
928
339
931
243
1756
583
1695
274
955
430
1247
490
726
987
42
1626
1470
1739
887
211
385
1221
753
324
406
1677
1567
785
182
1079
184
1771
1048
1069
561
589
1634
70
1371
647
1153
239
801
1279
1287
425
1589
929
1511
1765
1047
1005
1337
981
1766
805
1574
1638
186
99
288
1650
974
996
1595
1594
865
203
1440
448
285
94
875
916
1733
240
330
79
82
135
1043
142
1235
1569
1741
1461
560
1551
409
418
1017
892
354
124
935
313
1363
232
1200
1184
1432
1479
1407
1080
1719
1024
970
761
158
312
1060
684
696
1520
1352
1502
936
485
350
1560
1166
1013
34
1691
715
1570
1751
1503
1194
1558
411
298
260
308
796
1442
912
1256
746
435
620
1774
1181
1323
837
307
1430
53
1447
259
921
328
1034
353
822
654
829
609
166
136
172
1306
1028
808
270
1072
514
156
1331
1630
462
1310
1210
265
50
1355
394
1393
226
991
368
1018
1037
627
1744
523
894
944
1730
1076
1094
1617
449
678
1164
30
817
1568
607
709
1230
606
1480
29
1522
1670
49
626
1641
1712
1370
1782
119
1137
1277
35
947
851
1041
1583
1536
575
196
143
33
383
57
621
230
162
352
1504
1250
39
511
1364
918
1665
734
1320
316
771
705
1435
304
116
1553
424
493
1530
1195
1604
624
1599
782
1606
1622
1285
657
1275
1291
1402
420
932
468
442
1145
93
1218
283
292
927
1711
1422
364
1398
594
789
1350
676
216
1012
1426
717
1095
1786
850
777
375
356
701
1325
290
1775
467
1365
1549
848
1453
84
1458
888
770
1591
582
40
1261
1764
1067
145
471
476
1128
967
622
641
539
858
295
1395
1517
1297
1126
926
157
1377
993
125
340
271
1669
272
979
707
564
997
447
1578
1465
415
714
1276
18
1316
587
245
446
978
1002
1631
341
1307
524
1267
103
242
1378
1328
1294
1309
724
197
999
547
1100
1456
77
1506
1472
460
11
1420
218
1253
392
670
1321
100
1205
443
92
811
774
159
1770
972
1157
1102
217
358
1473
440
140
1361
481
512
1117
300
1263
1581
901
1298
310
637
758
1734
1288
326
1678
1444
1344
1379
828
982
104
317
1529
1627
115
645
1404
940
1305
1049
1645
1466
175
1165
1419
1031
581
1580
854
725
1655
1134
569
1387
1381
1760
360
1735
1146
1411
969
1281
591
327
466
667
147
109
784
1396
1349
839
1284
802
97
281
1382
1039
1483
376
1249
1207
1213
1219
1345
1523
949
1063
983
886
1151
992
1107
1314
151
69
1489
695
738
444
1525
825
506
518
1077
1354
713
690
861
1389
968
421
907
205
856
72
651
161
867
971
1078
64
1701
546
1216
27
1709
193
1528
957
577
346
1416
396
1182
652
1083
1778
680
1754
1544
1703
636
472
453
463
75
756
296
891
813
474
697
