4
1
3
967
-100
0
0_
2
3_
2_
7
5
5_
6
8
8_
9
9_
4_
7_
1_
1464
6_
622
352
472
1017
945
146
563
341
444
720
1485
49
737
1106
466
728
313
843
597_
617
119
663
640
92_
1019
501
1302
39
716
848
931
1214
186
424
1001
1110
1152
457
1433
1187
52
1480
1047
1035
1347_
33
193
699
329
1451
484
132
649
995
545
684
1135
1094
1204
654
58
348
614
1363
323
1406
1348
430
153
1461
905
1312
1424
1154
95
1353
1228
819
1006
795
359
1209
590
696
1185_
1465
911
1181
70
816
1369
143
1416
455
55
1096
1474
420
1131
904
89
1259
527
1241
449
983
418
319
23
238
638
138
235_
280
1070
1484
274
494
1459_
404
1354
1495
1391
601
1313
1319
898
231
752
174
961
1046
834
284
438
288
1463
1151
719
198
1015
855
841
392
1444
103
1320_
745
172
252
630_
241
31
405
1217
1030
1257
137
157
164
1088
1236
777
1048
613
330
1439
321
661
952
939
562
1202
302
943
394
955
1318
936
781
100
1329
1365
860
217
191
32
282
351
1387
757
416
833
359_
292
1225_
1227
639
859
243
267
510
332
996
597
311
492
820
336
123
540
131_
1311_
1441
895
891
50
940
935
596
29
1182
1129_
1014
251
365
291
1447
742
1085
148
462
832
881
1225
1412
785_
1127
910
538
999
733
101
237
87
659
633
387
447
629
831
1384
773
621
1419
289
143_
285
1393
1131_
27_
1359
1482
1189
1294
201
579
814
141
1320
581
1171_
295
290
433
679
1040
1054
1430
1023
1077
1457
1150
701
1382
889
437
372
1222
126
1159
868
19
1297
227_
190
809
1216
1074
571
520
1274
1340
991
316
697
926
873
1002
378_
65
875
867
548
652
1372
606
1036
1300
17
1178
802
1219_
1271
1137
1496
439
196
636
192
228
1053
229
753
1296
1371
254
863
464
515
838
1160
1289
1298
799
182
574
527_
242
415
869
958
54
1265
656
275
778
208
147
350
507
463
497
1129
927
653
662
529
635
1027_
897
1039
227
1345
924
696_
1279
546
1112
1210
526
300
1103
504
136
1400
78
686
1091
344
215
84
628
1470
968
1478
83
1196
1307
1132_
1008
917
657
56
18
41
801
978
216
349
966
