4
1385
5
1288
1
7
6
1029
488
8
1381
898
3
518
1005
9
1327
1189
2
10
514
943
262
809
932
1247
688
848
1163
674
1315
1130
451
11
1486
1201
169
1423
1297
1299
183
538
1191
1292
1112
496
803
102
249
986
1426
211
1432
1477
615
184
1192
97
264
137
1387
1307
447
158
1141
780
1052
900
331
996
912
1071
879
419
1415
1038
132
39
170
403
622
1428
142
306
610
489
1223
637
1354
1434
1358
705
540
732
1208
1389
1480
1325
353
223
1084
1439
547
1375
980
392
569
1217
412
0
1323
1379
1174
380
889
297
924
773
1178
1080
1168
363
758
397
1436
472
1116
842
75
325
268
1326
731
1278
117
274
292
883
1072
997
953
716
86
507
1456
648
736
634
309
1331
1165
1435
626
1414
1056
372
151
890
490
909
1213
288
707
448
136
749
43
550
1131
1127
341
1234
1085
121
762
1470
522
751
148
457
1194
1388
792
333
1328
464
37
123
445
371
789
450
329
584
1479
1032
1467
995
1087
874
794
685
390
630
207
641
172
156
287
1298
60
1356
527
1093
1010
501
200
1449
1399
836
988
310
681
663
1196
1452
944
1286
799
851
291
1066
414
171
1009
106
25
424
1371
766
806
983
73
829
515
431
66
870
17
1146
1169
698
1135
1291
1233
616
1115
51
667
926
553
592
1069
968
129
777
221
253
235
399
193
978
302
458
982
1313
863
677
174
227
1348
691
365
212
555
710
1152
394
682
963
535
398
1403
422
1395
427
1475
929
1357
1177
218
798
409
756
83
284
1016
236
215
717
849
880
1374
761
1407
115
822
269
277
917
655
160
703
729
362
1242
958
524
1421
875
77
994
558
868
46
330
860
82
1458
1095
44
816
240
746
976
1173
1369
1303
847
370
992
92
118
1202
446
109
1215
1416
546
1336
734
76
1314
715
257
1064
1302
69
878
629
116
859
503
385
665
1105
168
633
1097
311
256
1420
1498
1136
1090
502
1156
866
730
591
1239
1181
554
317
993
578
133
199
176
824
1035
1281
234
243
120
36
916
1459
72
826
219
928
1322
1308
837
1062
1171
1143
294
438
143
1296
1046
991
391
1229
98
1025
1170
1212
530
1442
818
270
1012
598
601
1252
147
428
494
1392
867
1188
676
1183
841
805
702
552
104
579
434
347
162
462
620
1235
1205
911
1382
1061
999
539
891
807
314
1316
962
449
296
280
768
456
509
1264
345
757
1214
602
217
631
564
1410
583
110
1364
432
854
972
366
1049
725
1363
775
41
745
927
1341
305
34
722
1499
250
64
1320
954
122
1207
131
355
337
1391
857
467
1031
505
654
1083
575
1465
800
1180
1030
531
493
678
1004
444
187
1203
275
759
1332
361
846
1497
1077
105
738
177
1043
914
344
461
922
913
155
1352
1076
920
1125
1187
1494
1417
1160
819
974
1283
504
595
125
1275
1019
1250
328
316
159
1249
1245
779
101
1172
642
814
224
1401
1018
487
1053
340
61
523
965
480
1441
815
1123
179
1393
856
747
375
209
1021
888
1334
1468
947
895
915
395
970
733
740
208
417
639
1384
948
728
782
367
31
1022
323
1413
690
1290
534
671
260
150
153
542
222
899
827
1117
1186
266
195
742
937
1210
1419
1269
455
704
770
146
477
1446
1271
565
739
100
1241
1346
1321
933
930
559
1485
134
242
28
1132
1002
574
396
1318
33
1394
201
420
1258
1260
1347
252
1221
1107
865
1267
640
657
70
1118
791
1044
838
495
248
440
247
1122
680
374
563
1148
825
1493
1240
658
700
483
204
831
1017
226
175
1091
693
1114
299
360
1204
1257
652
1106
810
1351
251
1262
1319
1409
670
781
876
1225
566
1051
470
1450
1142
1400
961
476
1153
537
576
1253
664
1454
1377
356
1100
1237
510
1088
232
1232
157
379
1338
1256
1472
1155
570
763
38
1007
1265
237
1274
520
1108
689
752
793
1301
1219
485
29
1455
662
774
22
381
238
964
892
1024
951
290
787
721
1140
65
1424
463
1104
1150
1074
332
1230
573
1312
588
301
1349
1199
303
603
852
239
772
1406
882
656
557
619
338
896
357
529
1060
348
90
605
1489
990
1496
15
668
712
764
52
577
697
85
1473
1333
743
421
1042
336
1193
1124
817
904
190
1492
48
126
910
946
1287
517
327
802
718
258
621
312
511
617
618
660
1057
188
1041
1270
308
541
1198
760
795
666
71
27
163
245
545
53
1120
271
1453
165
320
307
300
411
833
324
499
267
1386
475
282
1362
1133
1218
1311
246
373
727
384
594
957
26
135
611
81
512
173
945
321
1460
1289
408
322
744
231
1246
1402
627
124
376
1048
478
1365
368
886
87
1109
1200
636
1343
684
906
925
233
410
1037
49
1179
335
562
1255
1372
167
608
1484
1231
1015
536
1008
525
1466
1444
1103
1340
741
887
1276
192
230
813
1102
1028
582
864
180
850
1224
293
1023
675
960
54
1216
606
1353
352
1380
197
1280
460
533
18
1089
141
1490
1151
692
696
286
144
581
1206
985
628
1243
797
430
16
1263
429
858
1098
304
1129
80
1047
263
254
1463
600
1050
210
669
1226
1487
474
486
1438
1461
1412
543
498
1110
99
259
1054
313
918
1162
194
1000
436
607
811
1238
644
1184
1070
24
213
1079
1040
84
506
907
1440
625
528
659
285
939
50
884
1185
548
20
687
1261
466
1478
544
21
383
567
1443
1195
1295
1248
653
202
767
95
830
967
632
1164
387
349
1073
57
298
516
959
1483
695
902
346
753
107
138
1411
769
966
220
834
1268
479
58
334
835
969
894
1376
1082
1300
112
154
350
1222
1092
549
1166
1175
1339
191
1445
96
67
119
1457
130
1101
942
492
386
1464
279
1337
821
723
771
737
111
1244
635
418
89
551
426
784
673
599
35
881
214
624
261
1190
571
1026
931
433
1373
755
319
1495
1003
56
189
1157
776
1067
661
709
481
343
62
708
1405
1013
1294
1305
1055
869
1176
1065
326
389
699
977
855
726
182
443
650
1227
686
955
1430
679
