809.98
605.03
1303.01
632.46
943.86
548.2
352.16
1704.18
1377.74
421.43
1328.93
1328.93_
950.36
179.22
2602.69
758.44
818.22
1296.64
1283.37
1283.37_
107.41
2430.21
881.4
1672.43
76.23
569.8
3532.83
614.6
2686.81
1233.1
400.07
2258.73
413.32
1793.54
1489.49
98.97
556.91
1293.02
3421.66
1173.7
1693.95
233.79
602.5
3470.08
749.95
949.38
1095.73
3422.49
2797.17_
2797.17
680.77
3053.16
1079.73
2253.95
3119.6
4071.62
1154.46
2431.64
125.25
997.28
3042.36
1746.9
1936.79
4834.59
1219.39
325.93
191.09
1037.45
2497.34
4795.13
2425.38
580.31
2497.48
1045.11
523.56
327.88
4984.82
596.78
2174.16
996.54
137.15
1093.87
3818.57_
3818.57
730.9
1374.56
852.81
668.14
660.69
3865.15
1549.56
343.84
343.84_
919.76
565.22
519.3
363.51
363.51_
635.59
35.54
4845.24
3589.56
1194.28
404.51
404.51_
1113.06
3598.39
585.05
1428.68
1755.81
1755.81_
1237.46
2593.44
2593.44_
1973.63
1460.8
339.11
358.6
330.17
186.16
399.92
646.47
1743.83
687.87
1250.67
1859.45
3135.02
3947.24
1357.54
4428.64
2103.99
2226.37
1487.9
89.62_
89.62
1823.35
1073.94
89.68
1151.7
869.99
1480.92
1950.62
2569.3
2008.06
195.38
1403.17
385.8
605.34
512.38
140.26
3962.08
784.35
1496.38
1054.86
1054.86_
4167.43
1374.23
1374.23_
775.22
2362.68
1295.18
1672.68
180.94
203.03
257.81
900.83
467.64
1166.47
1166.47_
1287.59
816.46
951.36
540.07
4445.32
3035.88
4404.48
276.91
1701.58
877.06
2686.18
457.81
457.81_
611.04
1409.58
1635.19
1684.06
1684.06_
455.22
923.85
257.85
2989.13
181.68
889.62
1358.65
1226.23
816.21
1339.6
71.52
265.86
4525.08
1126.35
1126.35_
2086.22
429.77
1286.07
2593.23
2196.59
1030.2
2098.83
2098.83_
750.95
220.33
957.53
761.18
761.18_
226.7
133.3
1396.64
1048.26
50.22
2958.02
117.57
1343.01
1343.01_
282.56
1463.07
1342.61
1342.61_
1205.36
2403.26
482.88
1197.33
2924.76
2203.46
2518.98
939.31
967.23
4288.63
2530.66
1580.91
2626.28
1092.55
643.89
4685.34
2216.25
1669.84
1118.37
315.36
1124.02
86.43
2206.86
1037.68
1177.38
1290.73
4736.25
2041.74
705.44
583.27
1127.57
463.07
1275.46
2506.45
169.86
627.5
811.08
846.45
701.27
1369.54
1435.94
1435.94_
2195.63
54.68
343.6
843.44
1514.74
554.48
505.14
2354.21
2354.21_
586.6
1385.89
54.82
651.85
3164.78
2076.13
1450.37
96.31
1329.59
1319.87
1319.87_
4090.5
4196.17
1571.52
142.05
2725.14
2114.92
64.53
1498.09
49.6
1075.84
1067.3
382.04
3380.69
2271.53
4293.32
4432.68
759.86
526.62
821.27
821.27_
302.1
1483.59
3271.84
3271.84_
2198.82
80.5
2321.23
581.05
401.53
429.86
642.65
465.04
465.04_
218.25_
218.25
417.27
1306.08
1315.6
999.36
4935.76
2024.84
192.45
2560.45
1740.38
2128.87
1574.91
4182.21
1078.02
1352.88
815.35
343.41
1274.59
1274.59_
3825.82
1247.3
744.97
789.13
1033.59_
1033.59
1122.86
1404.06
486.71
4833.08
269.46
198.53
4701.09
977.19
3403.23
990.35
3520.79
420.02
864.7
642.42
642.42_
2909.71
338.95
486.05
1383.6
1340.41
1446.37
1498.02
1494.43
3247.42
1263.12
4183.22
2575.23
190.04
70.82
53.73
1269.4
4879.41
471.81
1177.43
1158.55
94.75_
94.75
1777.73
76.99
1696.82
3154.07
4145.87
4145.87_
2031.89
511.85
4659.6
685.74
1343.67
1330.8
461.16
651.38
1124.16
2019.51
51.39
516.76
2758.61
933.84
1297.12
460.32
328.41
328.41_
1042.61
1230.58
69.51
3085.36
527.16
4813.02
4813.02_
907.73
2526.03
919.98
1355.93
2638.03
3525.61
992.78
1472.7
902.37
1967.12
4198.06
45.82
265.36
2770.15
1990.69
488.95
1270.18
1353.77
2674.89
278.8
967.75
477.41
477.41_
345.71
4523.88
122.65
518.4
1636.23
275.06
165.88
165.88_
155.22
2544.85
1203.17
1286.68
1286.68_
2328.67
69.84
244.07
1751.87
194.96
1073.99
1103.71
284.95
1426.95
270.2
100.49
1485.94
2305.13
1100.42
466.13
2628.52
362.71
315.97
1050.18
128.33
128.33_
1272.15
360.92
1163.09
1116.88
2688.12
1109.22
1138.71
1215.09
2073.54
622.58
2603.85
4073.62
2259.86
2106.68_
2106.68
2828.24
640.7
247.08
2404.87
3969.14
3322.38
1439.09
1657.74
1178.6
1290.07
1330.72
4474.29
105.26
3078.82
3078.82_
2931.99
677.27
847.88
491.67
1336.73
4270.21
2266.69
2521.52
1400.16
992.83
624.12
478.11
3566.21
835.46
1170.58
575.21
1134.41
633.47
3957.01
4586.12
289.73
1273.15
2138.6
82.71
1710.66
634.77
634.77_
262.96
1436.96
1252.46
1495.03
878.19
878.19_
779.49
1462.7
1328.11
407.74
795.69
24.73
108.85
1346.13
3581.79
2072.63
1324.42
2518.51
2518.51_
3150.66
2165.47
2362.17
233.67
741.7
965.09
3274.12
1456.01
545.48
2225.18
1691.59
1295.2
3285.72
1235.48
1235.48_
669.35_
669.35
364.95
998.9
1553.07
582.3
243.75
3029.92
1423.23
1261.93
929.9
4734.52
625.32
1427.56
1306.09
429.71
881.36
467.99
742.33
462.11
3122.53
1197.91
798.71
997.98
2388.85
240.6
240.6_
70.66
70.66_
1388.38
3099.57
3099.57_
1397.24
166.25
1220.31
248.48
973.25
3889.88
614.83
45.37
344.4
4041.44
695.61
68.23
31.89
1582.55
605.49
1004.66
2381.47
316.19
2537.18
432.37
809.11
486.48
486.48_
162.21
1124.37
1124.37_
369.36
1015.21
949.65
829.97
4347.3
831.18
133.56
1457.34
4972.4
1710.58
2284.63
1882.15
633.46
1898.34
441.86
347.44
152.6_
152.6
768.36
2264.71
468.18
88.0
84.81
939.2
4385.27
969.19
587.63
409.3
1943.08
4405.99
4761.49
924.1
271.56
429.12
483.13
425.84
1783.96
398.91
1997.18
1693.64
1263.1
1177.09
2437.84
1115.66
551.66
1716.82
1716.82_
453.31
886.09
886.09_
130.54
1431.47
443.01
3343.32
4432.46
606.47
649.7
1323.96
531.62
1370.48
1370.48_
1759.88
1146.39
1083.29
841.46
428.42
586.15
2034.21
978.3
3918.55
1031.21
461.13
1590.87
2324.66
640.4
640.4_
2551.12
1229.08
595.94
2410.94
2861.75
208.8
4381.27
3870.22
451.72
484.43
484.43_
355.39
791.51
2042.27
12.41
2646.59
1988.02
1486.89
164.66
1417.89
1417.89_
922.3
152.98
4074.72
293.88
983.22
366.88
1001.74
1045.08
440.91
1334.34
1049.75
1935.7
3133.49
1265.65
1853.17
1161.1
1410.49
29.6
1003.89
487.44
1131.45
796.88
159.96
929.47
1539.61
1539.61_
393.05
185.7
1201.14
539.74
113.98
4615.79
2517.0
2517.0_
1481.99
91.55
308.91
1123.23
3997.22
638.12
276.34
1024.19
833.1
82.66
1394.29
251.39
1597.7
1029.41
2731.73
975.52
1269.93
2637.94
539.59
539.59_
802.47
802.47_
1170.52
1659.15
933.23
1235.11
311.45
300.63
556.93
951.18
289.1
289.1_
180.7
3106.09
4542.88
4542.88_
1494.52
590.85
590.85_
2525.56
3450.16
2561.65
1443.78
1425.02
1278.69
446.72
1987.21
108.82
1309.32
1653.86
1765.67
1447.48
155.2
155.2_
530.51
4593.31
313.06
3724.85
1240.11
497.98
160.03
4656.19
1382.82
1954.62
697.86
697.86_
590.95
151.33
1064.4
456.02
373.75
154.94
3413.05
574.88
44.85
100.36
1277.91
585.77
825.25_
825.25
1644.31
1644.31_
2142.54
2716.57
1224.88
788.59
501.57
1111.34
841.82
1078.8
960.38
960.38_
4983.86
2037.64
3056.29
851.4
514.91
106.83
253.96
212.49
330.83
2632.69
1485.97
1197.02
131.52
1653.18
1340.92
1860.55
1325.84
1509.72
282.06
282.06_
799.89
1401.52
939.87
233.76
779.69
43.54
1180.08
665.82
3793.7
152.77
3124.9
3643.78
3491.37
2845.49
518.69
1843.93
1455.34
1344.85
199.5
2695.38
3025.1
690.71
1328.24
819.71
301.82
1221.95
2495.15
1948.88
112.54
1321.62
4116.03
2457.23
203.69
2517.83
1099.66
291.46
2623.14
2377.23
491.07
985.01
985.01_
1491.56
1491.56_
1363.34
1593.75
1295.67
165.76
1452.82
1043.09
1015.79
670.05
29.9
604.77
244.18
1916.48
644.39
485.36
3605.28
1629.98
791.33
736.97
3580.71
306.85
3299.1
1278.88
748.76
329.07
845.93
606.78
3723.83
3723.83_
39.46
3117.01
3881.25
1790.35
77.34
1350.6
1350.6_
624.36
1328.69
1294.06
322.61
1605.81
903.48
244.16
776.18
4362.52
1227.03
3619.68
1248.05
1248.05_
707.33
298.13
841.07
1604.6
2336.04
1171.5
1755.06
3531.62
3531.62_
2412.6
1872.04
706.54
1017.45
1017.45_
1131.7
1682.62
1240.64
156.32
2153.46
957.62
716.71
60.04
60.04_
1295.13
1681.16
2371.53
1334.8
4152.95
2231.92
887.44
2468.2
2468.2_
1484.58
1941.95
1030.1
2244.32
3097.13
2669.46
3991.34
1135.43
2056.37
214.43
1079.72
4439.92
491.75
2234.83
2234.83_
497.75
407.6
3500.59
399.45
348.7
1629.11
1803.31
166.0
314.62
925.47
2374.04
1441.44
563.31
907.76
1073.76
1073.76_
1287.76
82.07
1231.17
2195.01
526.56
4972.01
4972.01_
43.06
1266.84
4031.88
1917.13
651.09
642.22
811.01
788.4
3873.09
702.26
284.69
428.67
4445.87
147.77
2107.76_
2107.76
242.61
2757.48
913.1
259.63
722.02
3754.18
3754.18_
327.25
1975.27
1716.56
3077.36
1942.0
590.29
599.54
576.44
4812.08
3703.96
3656.46
3656.46_
551.18
458.8
804.61
291.71
291.71_
1188.36
1238.5
232.52
4746.44
1234.59
1123.0
91.84
2158.18
1340.31
1517.43
1490.65
2543.44
344.09
563.28
2468.95
281.42
281.42_
18.29
863.66
787.21
2867.66
4400.77
1254.91
1450.31
1823.34
226.31
1251.25
1251.25_
1317.48
1396.41
1127.46
2149.9
43.02
1353.86
4912.8
235.27
798.78
1631.85
1426.76
3534.02
1496.8
2424.49
4126.76
707.08
2207.45
543.2
2098.55
1494.35
457.13
97.41
1945.68
393.75
89.98
2532.71
174.76
1440.63
244.5
47.18
47.18_
743.2
530.04
3861.66
807.06
1396.62
1450.92
1055.32
671.46
1.48
387.78
1334.81
1137.41
1000.76
849.98
94.27
355.4
170.66
381.06
381.06_
1274.89
2359.68
1442.56
2400.74
812.01
1901.28
617.85
174.79
174.79_
1796.88
1109.15
1066.91
267.49
4283.59
716.83
4375.21
4375.21_
859.42
421.99
959.9
319.85
2518.8
1259.92
1069.61
1419.66
1907.73
1415.11
434.61
463.57
1522.0
340.43
1104.31
1620.94
2085.35
1199.21
168.0
1421.99
4998.07
288.32
1412.35
1412.35_
223.31
1267.26
1732.19
827.59
4064.57
1384.32
4082.37
1276.72
722.28
2296.23
2296.23_
1023.62
1023.62_
2390.74
1382.62
1292.34
1764.61
707.95
645.4
2062.79
884.77
565.04
329.82
821.91
590.3
1693.68
738.81
931.32
1005.81
1314.56
726.6
1017.2
1425.1
1924.26
3886.33
1487.56
364.42
498.61
295.22
2558.01
89.93
1619.87
397.34
498.59
2532.0
1477.96
390.11
1933.63
1952.97
1912.96
1912.96_
1227.21
4569.66
1223.02
721.95
4953.93
776.86
456.58
952.61
1538.13
62.66
1078.74
735.37
1068.66
925.28
1010.73
1082.25
48.88
1938.11
361.43
517.01
1766.86
1664.82
4298.96
1301.95
1048.29
1153.03
221.86_
221.86
4870.27
1393.72
685.01
1073.37
737.96
328.44
816.11
456.9
695.85
16.45
1343.5
1580.95
1090.59
444.77
1097.83
719.06
1106.06
220.97
1382.26
46.05
4290.31
2673.3
1474.63
1080.17
3090.08
3090.08_
1474.32
1474.32_
1182.62
1262.95
1476.9
711.09
1048.34
1332.45
2679.69
396.97
396.97_
17.81
595.8
659.6
733.56
1457.54
1457.54_
1587.98
1447.93
4786.08
1431.22
1803.68
888.94
1307.84
583.96
1794.98
4749.97
95.23
647.94
684.05
479.81_
479.81
1676.93
1675.0
1675.0_
1807.0
1450.68
399.44
3342.3
1701.02
1747.01
3992.71
481.28
1881.18
4676.1
3513.87
3513.87_
1175.56
1015.74
192.99
1663.18
218.72
954.97
3403.79
1004.26
59.06
1147.59
775.02
391.31
605.24
2056.83
1300.71
1312.04
1240.48
1202.05
1202.05_
1791.56
80.76
480.11
1151.01
1150.28
676.09
303.85
1288.52
2844.99
557.04
2093.75
1169.76
698.05
698.05_
542.13
83.96
83.96_
1095.81
1171.73
500.24
500.24_
1491.08
1353.57
511.29
4316.78
1371.02
120.02
597.85
390.29
1755.34
1292.8
1394.85
50.93
50.93_
2493.12
1896.8
1269.7
73.8
1017.06
1186.86
317.73
211.35
1724.19
1327.34
340.96
32.95
232.67
1767.29
1756.74
4929.35
3468.25
1644.92
227.12_
227.12
1470.14
385.34
3619.98
3843.16
2538.81
3615.94
3207.24
1461.76
1007.91
1382.27
3744.63
133.84
460.58
2371.73
1172.87
1172.87_
1273.32
261.12
998.81
1380.76
1196.73
870.51
583.56
2234.82
1495.36
2505.92
2002.37
149.48
1499.31
106.97
1099.7
999.48
292.98
153.7
793.39
1200.67
1972.22
2817.77
2817.77_
262.72
4838.26
874.85
13.24
2816.06
123.12
3293.1
1145.9
325.68
3676.39
2289.44
1098.38
584.61
7.44
1266.18
2540.41
3257.62_
3257.62
1552.17
1331.37
1331.37_
955.15
2352.66
1873.81
196.82
355.07
1729.78
1729.78_
807.24
675.86
125.84
4265.64
947.41
1304.45
1304.45_
1393.23
1393.23_
4784.12
839.1
839.1_
2712.98
1576.95
2329.84
1365.04
180.73
701.43
411.96
1022.67
834.51
82.36
82.36_
1042.25
1042.25_
843.67
4812.71
1155.94
1155.94_
2216.36
2004.47
2671.76
15.43
1446.74
2243.41
2818.83
2818.83_
290.97
1309.82
210.86
33.85
224.7
1454.68
1972.69
249.39
4156.67
4507.0
1321.93
364.57
1396.03
317.32
752.66
582.75
37.63
39.59
1312.44
4313.93
884.63
754.55_
754.55
1050.84
1689.38
974.73
1380.18
876.04
777.23
455.49
1317.34
770.97
1058.68
730.84
493.15
767.58
701.68
1767.61
2667.13
2186.2
1991.85
1215.19
1672.39
1089.0
472.21
3617.11
1311.24
275.51
448.59
15.47
529.91
435.96
679.2
679.2_
4006.34
1393.85
1393.85_
202.96
1405.7
4402.46
2062.09
62.16
2550.25
39.47
975.21
1013.57
3048.28
288.34
654.6
1354.15
310.58
1656.54
1686.78
1195.14
2188.22
1814.67
2203.98
1444.26
51.5
3556.71
503.63
696.67
1934.61
1448.2
1134.8
1727.71
948.79
1004.44
1742.58
657.3
3599.97
1103.48
1466.97
2438.55
2692.66
1370.06
1145.17
1209.53
1404.39
162.58
1463.41
1137.33
2612.33
1357.79
3628.5
1358.96
1358.96_
1200.53
1200.53_
2699.66
1449.91
2173.72
1721.85
1721.85_
190.4
929.51
929.51_
2034.89
478.17
1626.64
542.5
63.92
2623.47
1415.37
990.57
1336.5
845.47
182.26
333.7
3475.69
1085.08
2592.58
1353.06
1353.06_
817.22
2488.96
4612.41
4789.5
3838.0
3506.0
1184.81
1184.81_
2396.06
554.58
2677.04
505.44
1020.05
9.65
1209.32
552.97
1028.5
593.94
649.07
604.9
270.76
1078.95
1078.95_
1493.5
141.94
1405.22
582.53
2202.33
356.07
813.27
624.7
1339.99
469.43
1271.78
1475.91
135.76
2141.5
4742.17
615.38
446.57
144.39
1086.69
985.64
1959.01
918.88
1154.59
1490.4
1344.45
1491.94
274.91
405.07
1385.99
1292.43
121.79
4073.41
490.95
937.2
679.1
4965.78
321.76
321.76_
57.51
1029.35
4968.99
565.26
4735.18_
4735.18
2265.53
4299.1
504.18
1421.81
1058.0
1084.27
780.22
2415.22
2133.24
448.51
434.31
2592.0
17.87
695.09
1970.9
1667.65
1244.79
2198.8
593.26
1431.94
313.08
60.17
1275.51
1122.87
1465.86
83.94
4211.46
2266.73
323.53
928.14
159.9
1464.16
370.58
1300.13
1445.82
1408.63
288.92
288.92_
2116.54
1246.66
2600.73
1348.97
1005.5
1336.31
378.58
733.2
4254.09
892.49
758.88
462.96
362.01
984.62
1475.77
208.96
712.22
713.09
68.18
248.84
1931.66
3306.24
879.54
1986.45
786.65
163.11
163.11_
654.06
588.79
1584.64
1150.03
1150.03_
337.25
203.56
1277.01
2615.51
1471.07
4567.18
1471.36
438.75
1384.94
1498.12
660.33
344.86
315.0
2921.07
2589.63
2589.63_
261.42
378.94
3218.04
55.92
58.26
4156.36
2554.65
2554.65_
1428.94
429.74
74.48
1162.68
2145.42
3358.6
4742.53
1412.45
3600.43
4469.48
2927.1
463.98
2376.31
3727.23
410.0
289.59
289.59_
1598.33
364.35
364.35_
1299.16
2545.1
167.57
1037.46
2588.85
2316.79
1709.16
2947.72
29.18
1077.75
4666.2
995.29
755.16
4373.94
1428.48
700.43
328.7
3276.46
777.97
328.91
328.91_
734.69
1362.1
1167.08
2681.54
515.62
644.4
202.68
202.68_
1015.0
1484.37
1381.1
1418.45
1372.21
1372.21_
1478.53
718.42
937.74
403.13
1821.39
2090.46
2545.0
3424.6
57.27
1169.99
2892.91
858.85
815.62
1286.9
183.15
2106.7
1174.21
641.33
3848.3
2600.88
1453.95
1200.73
1201.93
4992.25
3801.94
406.93
61.58
1834.98
1183.81
2417.2
464.51
57.82
848.03
2253.32
415.3
300.68
4010.91
4010.91_
51.82
2678.79
4249.96
2577.05
251.95
1280.41
2352.93
4540.76
1264.71
2406.66
126.83
365.77
372.54
1293.67
1170.65
1170.65_
248.16
2680.07
664.2
664.2_
353.75
1129.59
651.92
651.92_
1103.08
1103.08_
754.93
1371.12
57.78
589.94
3729.42
550.32
298.74
922.15
1275.32
1275.32_
75.14
691.53
2486.16
1179.1
1114.52
945.04
8.2
3212.49
125.46
1309.09
1637.92
3098.74
4623.69
622.08
473.56
4703.9
1689.51
1825.52
4837.96
560.58
1131.86
1396.22
1071.85
524.53
2450.88
1407.61
484.73
1909.79
2492.06
3148.34
678.99
167.02
886.98
139.33
312.66
1689.33
1401.39
1375.37
570.25
3771.12
3244.97
762.58
1051.51
1051.51_
751.55
23.2
3445.84
3445.84_
1435.2
865.12
1926.7
1941.73
3652.25
1522.85
1052.21_
1052.21
278.43
460.46
1932.49
573.65
382.14
1357.26
4401.57
4401.57_
1208.38
355.41
318.37
1268.57
1127.26
2187.49
676.1
940.98
3401.56
1200.59
4828.75
240.24
22.71
145.6
729.74
1801.77
2103.91
2367.11
4949.89
120.49
1401.5
1291.0
1437.24
233.93
233.93_
4499.91
3980.49
3980.49_
1495.41
2551.73
649.84
3805.47
353.62
1325.27
777.94
792.73
2576.0
1467.48
2203.49
91.38
2584.09
4894.42
626.47
305.84
305.84_
1787.16
4283.98
850.79
1111.07
1857.47
2550.65
2550.65_
873.13
731.25
1233.0
1445.08
1194.37
1318.4
1278.11
506.93
506.93_
129.64
671.39
3373.13
133.63
1751.34
1218.27
2207.69
2590.01
1362.32
2186.19
804.67
1251.9
451.46
2638.22
1427.03
1427.03_
1146.47
148.04
3040.88
1274.63
1274.63_
2097.85
753.63
2664.49
817.45
172.56
1337.15
4962.25
656.02
264.52
408.71
268.53
1185.57
19.11
643.24
1256.46
263.2
1189.23
988.27
935.74
743.65_
743.65
2253.31
4987.19
1819.46
4424.37
339.45
618.37
189.28
148.21
589.67
999.12
490.86
574.82
741.28
957.58
1140.68
1020.01
2572.3
648.36
2938.55
3086.29
177.16
1368.27
70.46
1015.4
2092.74
1505.76
2502.26
1265.19
2286.15
67.51
409.7
1645.23
105.66
380.09
715.97
1238.55
3311.2
781.5
4625.22
660.09
1380.47
2461.68
1438.69
1438.69_
811.42
1265.83
1265.83_
474.5
380.03
1058.13
172.13
1125.16
571.39
1336.91
1210.4
702.16
702.16_
34.36
481.89
753.87
405.51
2064.96
755.17
755.17_
805.77
1021.07
3084.5
3084.5_
368.72
360.12
759.58
2493.97
690.12
1292.14
375.97
703.21
458.53
1094.29
616.68
1348.43
965.06
240.27
492.07
3124.43
75.94
1253.52
2672.05
2131.09
1425.81
323.31
906.8
909.74
132.3
931.52
1256.7
1746.01
1619.22
1619.22_
1429.35
2080.28
2080.28_
2389.96
820.12
1062.67
4732.06
48.95
912.94
1188.93
3645.12
3745.69
1109.03
1109.03_
905.18
905.18_
804.31
564.79
2000.14
576.2
1252.87
92.04
182.89
1162.52
317.33
1204.12
424.28
567.53
1361.12
2168.76
1189.51_
1189.51
1738.0
915.19
2290.91
3804.76
1216.47
3088.8
2599.23
87.85
950.59
3383.54
4653.37
1819.24
844.75
919.31
1883.61
82.11
1948.98
2681.08
748.11
1165.64
684.03
684.03_
971.34
1515.99
100.85
2056.61
532.1
2162.63
2162.63_
1383.25
103.13
772.35
3716.71
914.63
655.37
3397.76
76.19
773.94
773.94_
1354.13
1185.95
2575.87
629.61
1279.09
1871.37
1102.66
704.92
4764.13
1473.17
2464.02
3483.9
941.63
1010.89
715.37
1447.18
401.33
410.48
542.72
2423.74
1015.37
2272.07
1178.38
3984.41
1033.32
1263.77
2322.34
4973.13
875.3
1976.34
904.86
1149.63
135.2
250.7
750.94
108.67
108.67_
1403.86
977.18
1369.66
2307.83
203.18
1231.5
929.64
4384.76
340.42
116.02
1362.09
1223.3
4601.39
189.78
3038.04
1091.42
541.54
3057.46
3057.46_
4301.98
1052.71
107.8
983.51
2443.51
1262.11
2313.6
1697.98
1398.28_
1398.28
3813.35
485.78
347.58
2079.47
540.26
1872.17
1012.37
1112.8_
1112.8
846.41
90.18
244.69
2686.5
346.64
1497.12
2684.09
254.2
337.64
509.49
2711.86
4.61
4.61_
1192.96
115.82
1280.01
1079.55
426.61
1437.62
951.78
951.78_
574.86
54.25
4559.45
1822.87
386.67
1061.63
1594.83
1661.03
2154.6
2154.6_
1326.75
1279.86
1279.86_
423.83
1154.56
865.3
865.3_
264.07
964.15
1462.12
1728.52
65.59_
65.59
3471.8
941.85
2140.96
1450.59
1040.14
1117.63
1163.4
1596.58
1339.15
2503.43
1435.21
1469.14
2432.08
326.09
1497.16
1402.56
109.59
1165.77
4121.29
1235.31
1878.31
2319.8
972.53
444.51
1480.88
1134.85
427.06
4555.72
1210.25
1399.97
159.08
707.29
245.6
2641.74
488.79
1251.36
503.23
1483.6
1264.86
747.86
1285.49
11.02
715.73
2673.96
136.95
1888.98
361.52
1017.73
462.74
945.29
1100.76
858.33
1403.84
314.58
1377.41
4432.96
939.29
2939.68
1296.94
1243.88
1060.8
945.3
1298.38
188.54
1309.61
45.12
277.31
768.69
352.49
1290.3
2153.35
313.97
313.97_
395.61
143.92
1076.09
2963.18
204.66
2463.9
646.89
498.02
1456.29
912.75
1068.77
1643.18
1794.51
880.43
880.43_
1835.98
440.92
316.33
3641.51
742.14
1045.3
718.95
718.95_
1416.61
1451.92
1459.06
795.79
723.63
263.92
901.12
2680.87
2680.87_
2576.05
636.73
2872.19
851.71
2530.46
2738.93
1389.92
1389.92_
418.79
849.02
849.02_
46.58
864.0
701.44
1527.44
1383.42
328.94
1445.81
3195.0
470.01
1712.72
993.71
965.85
608.27
673.04
515.89
1971.13
1065.78
148.57
800.89
4766.91
71.42
35.21
170.13
2585.2
1539.76
2743.13
1208.29
1931.12
1216.59
1216.59_
553.15
3409.48
164.03
737.93
478.74
566.21
3026.97
1414.03
861.67
1016.08
1322.98
2696.09
475.07
2240.52
3908.8
536.97
1473.64
3584.4
1470.31
674.01
1287.55
1322.7
1000.07
773.73
81.9
444.46
2236.8
1179.99
954.43
1462.83
572.55
572.55_
3680.76
3002.69
3274.91
561.74
349.88
598.18
651.86
87.33
386.16
2179.32
2549.27
2549.27_
135.37
135.37_
1703.99
1328.41
520.94
37.75
2538.7
4736.73
581.87
451.16
709.14
930.84
1383.11
1380.78
1081.09
705.9
559.35
1823.61
37.42
1996.15
877.84
1446.21
1079.65
412.23
992.62
891.96
891.96_
3465.91
2196.59_
199.96
664.37
4792.52
2411.32
1316.34
513.1
895.41
874.39
2673.94
201.35
1426.31
414.4
188.36
507.01
1814.83
536.36
1323.08
905.03
1969.41
2343.6
573.52
1286.88
12.65
740.42
4472.21
4820.33
500.47
170.5
1077.62
361.32
4121.53
1776.76
1246.62
2446.32
1429.63
1302.86
417.92
3395.4
132.78
1321.8
511.96
1200.63
113.02
1390.26
1320.61
3951.34
3951.34_
1400.42
2698.66
1846.17
448.54
2126.67
1268.96
3831.31
1057.79
104.07
1484.42
279.17
1195.05
1007.84
2613.9
936.02
480.83
565.48
967.84
1506.12
987.07
656.7
656.7_
1836.93
790.99
790.99_
2159.69
584.78
4632.53
930.71
550.52
1388.56
1475.32
2529.51
1392.76
42.32
496.71
865.23
2466.95
670.48
418.69
333.25
2900.49
1456.75
631.12
1908.68
74.41
577.85
3342.73
586.09
1942.4
4224.63
1399.89
59.76
1167.05
505.37
558.97
1806.64
100.19
32.83
1353.18
333.78
4720.99
3327.28
1194.38
1330.02
837.41
1191.71
2438.26
2576.04
1445.23
1326.13
496.4
1834.47
1443.25
3958.71
3680.62
1690.55
325.89
209.63
827.79
874.44
874.44_
529.13
2620.62
2987.52
63.44
2032.74
1750.56
636.92
1054.58
237.72
2571.84
1490.72
424.17
2060.33
189.79
1060.13
1371.64
1791.14
4713.23
924.21
924.21_
2201.24
18.55
1630.99
3044.94
199.6
1205.13
358.36
860.8
939.47
2519.86
1638.92
290.5
424.32
1383.84
4438.41
981.33
1469.17
3269.54
974.45
3862.45
3858.12
2638.68
1270.15
2556.01
3189.7
1413.64
2021.95
2407.21
286.29
2645.5
153.99
153.99_
4556.34
1414.43
4923.97
1693.0
1328.9
1328.9_
437.91
2405.43_
2405.43
2615.0
896.49
946.96
2195.84
816.95
816.95_
673.99
2289.38
2289.38_
1433.84
1134.83
477.58
43.68
522.38
823.66
823.66_
613.92
1469.91
687.0
2476.23
267.98
1836.43
121.17
954.65
96.62_
96.62
286.43
116.39
1532.41
884.54
271.96
757.48
1198.09
2521.81
1633.87
2505.52
386.38
3614.38
4918.95
2409.33
923.75
2353.7
10.52
3732.22
523.21
1315.4
1477.83
1477.83_
990.4
1773.45
1773.45_
804.75
1259.6
1261.99
2688.87
4760.54
1823.14
1590.4
4084.61
1277.8
1052.88
2276.35
1059.86
3902.74
2994.45
1339.34
1229.4
1474.48
695.45
695.45_
2010.92
597.31
1307.4
1024.56
574.55
725.14
1864.43
927.55
2531.63
2928.67
1446.82
640.07
1084.73
1334.09
2027.23
759.6
3093.39
3093.39_
2570.66
2570.66_
3771.66
947.7
199.26
474.04
2574.63
2681.39
2538.06
307.02
1076.67
1076.67_
3304.83
4525.41
4525.41_
149.94
502.35
502.35_
1997.75
2530.81
579.04
1383.67
2042.28
554.82
554.82_
1133.25
201.22
721.24
3191.7
1272.77
471.15
2661.64
614.03
783.52
783.52_
4682.62
1789.0
866.86
2550.26
2550.26_
528.47
780.11
3850.97
1238.06_
1238.06
1080.61
372.17
1293.76
775.54
385.54
628.32
161.04
223.93
832.55
250.56
250.56_
2943.52
168.46
766.77
2834.16
1534.7
149.02
1377.16
959.34
1309.53
1409.04
4143.68
501.22
402.25
2718.93
2725.05
60.25
60.25_
2097.55
1425.54
1269.66_
1269.66
436.51
4121.85
512.07
2982.66
1185.23
364.81
2452.08
654.81
1258.77
4274.09
1360.45
2447.81
2447.81_
195.07
137.68
137.68_
4792.62
1913.06
816.39
1016.51
856.73
189.81
321.59
1439.29
870.99
632.13
619.58
1138.96
2850.68
3019.17
3019.17_
454.41
766.63
73.75
1069.64
65.89
374.28
596.67
1359.56
837.85
669.99
2646.0
642.03
1687.51
537.46
1209.49
592.65
1097.17
1308.94
122.27
1302.29
1765.75
529.85
939.54
2234.61
4496.77
1371.8
140.19
375.51
375.51_
2308.1
2958.46
844.81
1005.83
664.38
2554.42
1005.25
1513.0
1534.21
972.35
115.84
2460.77
2460.77_
1238.2
4874.77
1048.53
4649.41
2393.94_
2393.94
4072.19
3356.86
3356.86_
152.17
12.9
358.47
411.37
475.65
234.49
596.1
3657.73
504.06
658.47
520.44
2927.77
3003.45
2352.07
1469.21
384.8
812.74
542.16
634.52
3867.93
3600.06
3600.06_
4525.27
3250.87
1039.82
3809.37
486.12
1531.49
4573.36
1413.55
1601.8
174.32
699.11
1816.21
678.58_
678.58
2511.6
241.38
367.22
681.95
952.3
628.85
33.16
856.97
406.75
1452.98
240.4
1801.46
634.86
565.94
1210.62
1012.92
3.68
4193.36
678.53
678.53_
2652.42
1717.09
566.86
1298.23
2011.92
1366.18_
1366.18
338.28
2541.88
198.87
1259.9
2154.52
444.02
1180.77
1289.22
3555.25
992.07
3377.48
329.18
143.04
1595.76
3743.28
287.31
192.21
34.27
1171.42
695.59
2802.64
1949.73
659.07
1229.33
917.64
172.29
728.5
4071.68
4259.91
148.15
1965.56
1266.31
988.12
367.87
4064.01
589.89
475.75
102.53
2368.63
4727.09
1465.01
2598.21
2598.21_
1249.64
1968.72
1477.48
1571.84
1571.84_
1549.99
2530.48
330.82
750.37
1736.34
4831.48
993.66
4094.0
3028.06
804.62
1199.47
1199.47_
682.12
551.26
4118.73
952.48
1226.83
2375.83
1802.44
1112.57
637.18
550.22
713.33
1284.31
522.67
791.78
355.92
1434.75
1434.75_
2521.4
381.3
1427.36
1427.36_
1040.47
2489.24
551.8
2177.66
4896.28
4896.28_
1717.15
633.54
863.99
447.66
1283.66
1361.17
1596.22
417.62
1084.96
3854.27
1568.49
1227.94
1305.65
2717.85
4734.1
261.93
4914.02
681.22
3665.2_
3665.2
650.3
825.18
178.65
2791.95
1672.2
1082.42
489.86
1211.15
482.47
2619.81
1197.22
1350.67
883.9
883.9_
1252.3
246.86
1685.82
2444.84
2444.84_
191.55
1216.75
883.26
2089.58
794.53
125.01
4933.09
1413.48
578.31
4147.65
2039.68
1278.85
3183.68
211.88
1096.7
703.18
426.31
2266.48
1450.16
4072.2
359.79
4607.43
4607.43_
261.29
1217.19
510.1
412.48
1409.25
1260.11
104.41
1175.65
25.71
355.11
4940.32
1558.02
300.7
300.7_
2118.03
2672.31
1457.45
720.68
3088.85
1214.42
2534.19
62.75
1401.86
1456.12
1921.03
433.68
685.37
199.04
1416.74
1382.56
1382.56_
3825.77
462.69
801.79
1266.19
256.0
1067.99
22.88
36.46
1117.08
217.92
69.74
791.46
3603.27
127.38
181.41
597.44
1911.65
300.65
1135.31
1023.93
3351.48
171.45
171.45_
2971.91
34.09
187.64
2750.88
127.34
2069.3
3.74
1448.89
4624.73
1574.0
256.54
1229.84
228.04
1483.24
931.16
994.27
110.35
854.72
2545.04
1993.21
1896.36
261.78
696.13
53.4
529.84
529.84_
706.55
1292.55
725.53
725.53_
1065.71
939.63
1473.37
4815.82
298.09
819.48
90.93
36.36
566.98
1400.6
24.57
3911.65
187.21
187.21_
727.41
1370.17
87.91
1281.77
1281.77_
405.45
405.45_
2634.5
266.33
1385.49
1247.9
156.11
1482.22
3488.11
1279.96
772.83
870.47
565.02
2955.49
2161.23
1107.42
141.14
911.06
4457.6
498.81
1517.44
1055.14
953.68
2379.02
1141.3
270.42
270.42_
1295.99
797.12
647.15
647.15_
386.33
1340.52
1340.52_
1639.82
1639.82_
1530.57
1287.97_
1287.97
4440.42
302.75
148.52
1868.46
852.73
486.79
731.24
517.51
622.66
1437.79
872.16
872.16_
397.04
386.42
28.15
306.03
1370.19
1770.65
966.79
1052.29
4055.26
1473.68
213.33
226.37
4070.33
1584.95
1584.95_
3708.09
722.48
1364.03
335.1
1245.58
1036.03
715.69
1321.23
306.98
4092.06
76.07
968.61
3987.25
562.34
2748.82_
2748.82
1120.28
335.98
1581.81
1198.13
68.41
3738.53
1680.4
1665.02
2727.69
301.46
4087.94
264.7
2857.33
708.73
4.64
2571.8
377.62
256.61
3766.44
72.27
2768.74
696.05
1256.49
573.77
796.72
4033.83
560.8
982.81
1305.12
1305.12_
836.46
1852.75
1169.13
1169.13_
537.45
1351.84
39.68
2129.39
1903.55
337.84
416.47
4604.99
1447.52
2169.59
1486.49
954.72
453.29
4576.95
857.12
696.58
369.08
1432.28
382.35
339.2
279.95
2927.06
967.88
1819.09
953.26
1289.91
1289.91_
1370.94
1.33
850.96
4624.51
1317.79
818.31
1344.35
2335.55
1104.99
190.48
1113.26
64.87
831.24
917.0
179.19
1084.06
689.65
101.26
2535.12
1141.68
769.81
1957.32
2914.68
2914.68_
1559.69
1265.7
1278.39
4622.5_
4622.5
186.6_
186.6
748.45
719.93
230.77
700.71
898.09
1310.95
1208.82
2425.02
36.28
1705.7
776.59
1754.71
865.86
465.86
465.86_
731.46
2471.86
355.24
2501.04
2174.83
422.76
826.98
1070.94
1552.71_
1552.71
3919.09
728.06
298.5
921.03
1723.13
1453.63
1039.13
7.51
1288.12
1115.06
1302.49
1376.27
143.27
708.42
3826.75
285.28
344.92
1450.98
1098.56
1319.24
1456.07
746.14
974.34
2896.95
2896.95_
492.06
738.41
1475.78
1088.57
2504.31
323.74
2687.21
2383.91
657.81
188.33
188.33_
330.68
330.68_
1221.49
1041.42
98.89
1283.78
1415.97
182.91
182.91_
257.19
659.72
3863.22
2830.81
1132.46
1974.3
932.23
561.13
1008.14
1247.79
1202.31
1240.49
1554.94
532.62
1803.18
778.1
1472.78
1417.84
1620.67
678.31
4570.99
134.09
774.01
2061.66
352.44
628.57
211.92
1064.05
270.36
714.58
1916.7
1052.1
362.48
394.52
1478.07
1478.07_
66.95
1458.47
1217.03
1477.46
1477.46_
3341.62
886.72
428.61
822.72_
822.72
716.42
824.36
1363.4
1352.84
1.23
382.91
1687.02
686.85
1398.33
653.66
240.52
2536.78
671.94
494.48
124.18
899.31
1341.22
955.93
942.4
157.93
1103.7
415.74
461.75
1255.57
1014.5
1014.5_
37.69
998.95
2225.58
695.39
1010.06
820.56
6.41
2454.73
3911.42
772.61
1123.41
23.79
95.73
406.94
582.97
153.31
900.32
2303.77
1599.96
2181.98
135.72
4537.36
1096.42
1101.6
4097.99
1823.75
884.18
884.18_
1539.17
1539.17_
921.87
223.14
2174.74
57.46
4716.04
3528.88
1712.99
1204.98
845.61
3584.13
430.56
4901.87
459.49
927.98
909.23
90.37
40.13
436.64
645.83
815.38
2934.27
274.99
1965.63
587.0
399.49
1555.23
508.85
936.45
18.93
4843.02
4779.36
1137.64
1301.75
3959.86
629.16
629.16_
2761.46
4552.04
2376.4
2382.03
1490.48
1490.48_
855.24
217.49
1610.77
2636.54
1286.13
1794.72
1852.86
1284.88
1925.94
354.32
1178.3
2743.73
1582.34
936.29
1641.97
3297.76
3593.33
757.01
1344.19
1470.11
98.77
439.34
1480.89
808.32
1077.93
322.94
4365.28
58.5
289.05
517.8
736.68
130.89
449.39
1463.64
2063.68
1342.14
2220.97
409.12
2255.57
2255.57_
1919.77
2585.11
1656.52
1076.46
871.36
2315.2
1356.64
36.4
2501.08
237.26
1983.2
615.79
495.02
1011.03
389.91
1478.49
361.25
1261.37
1825.6
1810.72
581.67
113.42_
113.42
530.44
1414.44
1572.64
2062.12
234.73
1255.37
784.5
479.27
870.6
2447.6
590.08
4159.96
1312.2
3257.47
903.96
4440.34
1042.78
4106.9
2216.62
1801.3
769.47
42.85
1371.49
1261.46
1188.91
1056.45
2274.73
2660.36
4792.76
1767.19
624.67
789.36
4919.69
2730.76
609.71
994.53
994.53_
1258.88
96.68
1000.98
4609.86
749.5
1409.86
4804.87
446.42
2083.32
73.08
1090.8
2653.33
2847.24
4381.33
4381.33_
276.5
1187.38
171.06
545.89
64.65
1496.06
1312.49
3345.56
503.58
3523.03
3523.03_
128.35
747.28
1117.3
562.21
2227.91
393.77
28.15_
2305.08
2329.4
2251.64
1104.6
1853.53
575.32
1131.03
1873.53
1873.53_
2189.62
248.77
822.33
837.34
2383.13
2358.32
590.94
1423.88
854.1
29.82
489.03
499.1
499.1_
4325.59
1054.9
1054.9_
4386.53
860.97
4534.32
3349.7
1573.68
1323.42
1313.69
2250.37
1385.82
340.15
1137.04
309.13
568.67
1010.16
2619.62
1273.88
497.23
1646.72
641.47
2669.09
4173.89
401.26
4598.36
1479.58
903.74
2034.13
229.47
566.08
910.99
1091.33
1960.58
1437.83
704.53
476.56
1394.46
666.9
623.42
1164.47
2695.78
1354.57
1203.72
461.72
1751.0
4094.24
412.71
1217.99
762.62
1021.82
300.61
566.98_
374.51
150.87
489.85
2461.32
2461.32_
2052.35_
2052.35
3421.09
3421.09_
4300.59
965.51
287.65
519.84
811.19
1518.65
961.92
1065.23
221.7
765.97
145.46
197.05
1264.42
1264.42_
353.65
2666.63
766.72
948.01
720.19
1109.77
1617.55
1617.55_
3948.86
1560.96
2144.33
244.08
1584.21
891.64
891.64_
705.05
1603.48
66.47
66.47_
4503.42
228.25
1373.36
1049.14
465.1
3794.13
2373.61
1494.17
948.18
1324.1
1324.1_
471.3
1306.74
1306.74_
719.2
3136.21
550.67
1027.64
1150.36
836.66
472.88
1606.16
487.54
2604.09
3979.41
428.84
742.29
231.41
3237.75
414.56
2684.13
255.76
198.77
2625.73
2623.94
2473.58
978.14
1519.71
1519.71_
193.78
91.91
1437.3
591.33
779.45
914.01
1765.56
990.07
984.03
1126.79
2432.07
895.2
895.2_
4373.57
889.42
4538.03
1586.54
124.66
712.94
2487.17
4021.94
85.31
2120.32
537.91
1384.44
1151.7_
101.57
181.47
563.84
2789.42
2121.25
615.05
939.4
1083.92
1575.34
86.8
346.41
1587.82
228.28
3401.55
864.72
1677.29
1452.86
3999.56
269.63
3971.97
515.14
2346.34
1452.65
968.42
957.41
394.22
4273.39
4419.75
698.66
1569.55
773.33
391.93
2097.89
1870.54
608.79
853.09
484.16
484.16_
1621.31
260.29
2781.03
2781.03_
426.03
1933.9
1270.54
1338.42
888.53
1879.03
168.35
393.89
2240.76
3576.53
643.75
106.33
4581.47
4464.55
4632.52
1794.71
1570.42
1384.43
2298.46
2785.45
722.25
1379.45
1360.32
833.91
2921.16
2929.44
883.42
810.51
1860.2
1261.59
310.47
2279.72
222.4
2389.36
1333.18
107.55
576.48
1434.39
2268.36
2268.36_
830.07
830.07_
1144.45
778.02
1870.49
1136.85
1136.85_
893.13
196.64
449.09
2111.86
1051.35
1493.29
1275.75
2193.11
2193.11_
1132.1
431.39
431.39_
3896.87
632.16
2393.45
1746.56
4529.63
551.81
222.83
249.08
2515.51
1021.5
650.28
1776.8
1294.44
1025.3
1025.3_
1391.33
3484.72
1614.96
822.94
2170.62
2170.62_
4399.44
2296.5
494.31
1910.95
4106.5
4106.5_
4051.83
587.02
587.02_
397.38
1050.09
1273.45
2699.31
1329.97
339.47
339.47_
1084.42
550.23
745.75
4730.61
4247.2
4247.2_
27.63
1373.93
536.03
2486.5
168.53
179.87
1960.42
1329.98
1461.18
3917.82
3917.82_
517.34
160.02
464.88
4355.18
531.91
554.27
908.46
1314.16
3990.44
3990.44_
3399.41
551.85
488.34
1389.65
2244.16
2310.54
2139.9
2067.33
359.59
1251.85
631.4
140.59
693.39
693.39_
4896.0
700.64
2551.84
1261.74
790.78
145.04
496.03
2574.89
993.15
4004.45
283.01
1470.79
310.76
310.76_
3822.36
828.02
318.78
269.2
1774.51
1774.51_
329.74
508.81
2534.49
1286.42
1286.42_
587.9
674.41
674.41_
1464.74
1464.74_
506.3
2589.02
2101.96
757.7
517.07_
517.07
555.48
2075.82
208.25
2237.99
1016.14
549.06
786.85
4525.71
4525.71_
861.44
1139.22
3052.44
1246.74
1418.49
1022.38
177.03
4177.98
201.57
448.39
878.79
1723.77
1414.17
1348.77
2654.18
593.95
78.52
3632.53
1554.95
104.85
1121.06
1105.47
393.52
393.52_
1689.61
4570.87
140.85
1237.97
1467.6
1076.16
530.96
530.96_
7.87
627.2
1072.11
3547.66
51.26
135.5
1396.38
1280.08
952.04
2483.63
1657.79
645.77
645.77_
405.65
1456.87
574.43
939.25
2173.47
1440.78
1805.46
95.38
0.54
324.69
1657.45
1270.5
3103.97
2099.89
1160.42_
1160.42
2367.13
1292.73
1316.19
759.09
303.84
754.58
3254.51
2749.73
826.02
2660.39
462.84
1132.54
1326.64
3288.66
1008.32
829.54
2414.34
1294.2
2577.35
1439.6
3252.14
3252.14_
4717.15
1746.37
1746.37_
2064.68
464.67
2039.13
3791.88
3514.71
1292.04
1234.91
1234.91_
3114.29
3114.29_
940.19
1190.58
4279.61
2538.26
3368.01
580.94
1035.28
1283.38
1072.42
1245.73
3374.26
1070.85
1300.16
3667.52
3532.63
908.33
253.63
74.59
69.21
198.75
533.48
1008.6
1946.81
59.17
59.17_
1175.67
2065.27
843.65
323.03
911.08
1039.2
1031.51
2228.91
1066.38
192.43
1959.68
1176.75
713.44
577.57
1471.01
3334.81
1218.92
708.22
1738.41
562.56
1351.02
3599.34
476.37
781.45
2596.08
2543.89
3883.96
2341.16
506.37
1290.92
2069.01
503.35
984.27
680.25
226.23
1432.22
64.38
1997.66
788.41
911.23
1781.8
1280.06
3327.05
721.45
2987.02
2987.02_
500.94
1446.14
1257.4
2691.9
1768.05
1611.27
3506.97
2172.61
99.41
383.33
279.78
859.03
1366.41
1862.22
1507.89
321.05
244.23
901.74
1006.09
1420.73
2543.04
821.71
176.84
1074.99
1074.99_
1808.12
1485.7
1156.82
816.04
166.49
4974.81
4974.81_
583.4
4060.01
956.27
715.18
715.18_
1515.52
208.84
2902.77
1354.33
2401.83
1440.76
496.55
1194.16
53.79
53.79_
1470.65
916.93
369.11
4230.04
641.99
98.61
2614.48
1256.67
1256.67_
1048.87
2344.43
1255.36
2462.92
1195.71
1810.49
340.81
592.29
922.89
922.89_
466.36
466.36_
1325.35
1044.92
251.4
3200.09
806.4
484.52
1315.32
1148.91
781.1
4186.04
17.72
4730.21
780.21
1472.32
2571.36
847.15
602.3
1011.38
712.48
730.64
1387.17
223.38
1347.17
777.19
1276.4
502.73
533.41
533.41_
173.56
471.32
312.59
138.94
3694.86
31.11
1453.24
193.06
4654.47
162.87
1250.46
196.89
1322.77
3685.87
1379.72
346.1
1138.97
1402.55
390.13
2979.59
179.42
1184.49
891.61
3455.06
650.47
650.47_
363.33
659.68
659.68_
309.3
717.83
295.98
461.74
287.4
938.85
20.94
2584.55
930.13
0.77
629.67
698.33
2423.96
401.69
1264.11
826.84
704.91
377.32
655.91
2554.48
1854.23
1223.0
1223.0_
1283.15
1151.71
281.77
281.77_
560.11
286.94
2527.84
191.72
1393.19
1393.19_
661.9
706.96
2592.78
8.11
1310.17
2829.78
2829.78_
4132.83
2994.91
460.37
537.23
1218.42
4959.32
1219.82
2456.95
1438.98
1268.03
3858.98
801.87
1384.8
4022.3
454.4
380.81
702.57
3418.15
502.86
859.6
1221.03
376.17
1456.02
1273.31
163.32
163.32_
2386.98
1470.74
1490.81
304.21
921.31
295.87
1233.41
3536.44
3377.5
412.8
561.18
7.54
395.28
1408.66
1743.25
1644.95
1527.67
940.6
1831.31
1470.22
991.78
1820.35
664.7
152.07
2507.93
1167.56
1044.75
727.07
1212.78
272.0
2277.1
1296.8
355.79
4204.98
1453.52
2659.39
4942.19
1077.66
1410.84
2913.93
3339.7
246.06
246.06_
1288.66
2500.7
214.72
90.3
395.15
4343.3
1110.09
1265.51
164.38
853.94
537.64
2342.79
418.85
1373.49
990.39
442.63
442.63_
2573.1
746.05
1975.78
0.95
667.13
1262.27
4416.68
2196.35
2814.81
1821.76
1036.4
1036.4_
241.07
1270.65
1270.65_
976.47
329.28
1721.83
1333.74
1874.48
1319.74
1319.74_
1538.98
776.31
776.31_
555.27
2491.07
1706.37
3460.0
1357.9
1032.13
1032.13_
4648.0
908.52
704.18
961.19
1097.71
575.68
393.01
209.22
426.54
908.02
399.84
1685.8
159.31
802.69
451.63
1181.27
195.48
324.1
858.09
1149.65
1204.07
4161.42
1389.9
820.75
1950.21
1036.26
2286.31_
2286.31
1559.16
1559.16_
3376.44
3051.79
1635.58
995.2
39.75
3893.01
2419.86
1446.83
1444.91
88.98
2546.75
2062.38
2264.21
1259.34
1393.69
4483.87
577.4
577.4_
1046.3
1046.3_
186.93
753.21
915.14
1258.83
1338.82
1052.74
789.89
210.78
1276.97
134.1
532.86
895.05
37.11
2080.18
4780.8
1602.27
2176.93
1277.7
147.64
1527.78
107.29
2057.3
934.62
758.31
478.02
1174.56
1079.59
1914.22
3320.52
453.75
4946.5
445.77
2334.29
570.58
446.31
446.31_
2345.02
1784.66
1076.56
4857.87
730.66
388.92
1347.23
2646.39
741.75
1166.23
2176.02
2577.29
936.63
377.68
743.69
2635.48
1109.18
689.44
1338.47
4572.01
4572.01_
1194.51
4290.72
498.68
597.32
597.32_
407.46
1798.0
1461.38
2195.45
1051.42
438.55
925.97
727.39
816.31
1801.79
1016.0
878.38
1255.55
1255.55_
1183.73
473.15
473.15_
4142.25
2753.45
58.82
2123.47
2400.0
2558.7
3414.12
2635.91
1284.78
767.11
878.11
1293.3
2694.09
2694.09_
745.06
1340.46
421.66
951.4
1096.33
746.09
482.08
1367.75
504.85
790.97
1375.35
1865.28
1181.93
544.75
2878.45
457.32
457.32_
604.85
2175.13
252.01
2626.18
2349.79
65.12
1533.48
1533.48_
469.44
2574.1
4693.94
2932.27
189.33
628.91
454.19
447.15
556.02
3039.02
1883.47
1818.36
1122.31
4890.07
615.92
1375.0
4811.23
1290.06
1290.06_
2482.46
965.14
2352.38
2352.38_
2600.23
550.98
171.98
397.35
1458.84
1370.52
2578.67
309.61
369.7_
369.7
4763.66
803.44
3773.63
2218.45
24.1
1432.13
2412.06
346.12
4679.1
139.77
1072.28
1179.95
1179.95_
1486.38
696.57
4319.35
4319.35_
122.31
3626.94
1084.09
1365.29
4419.23
795.49
646.98
1037.85
3011.03
1243.45
1901.5
1176.78
4681.43
356.24
1745.84
1745.84_
1475.39
1283.46
684.55
1367.42
2550.42
292.09
1336.47
1123.51
1422.8
1422.8_
43.92
568.77
772.58
103.82
3572.77
1358.16
1711.1
214.11
1742.35
4439.31
1288.94
587.67
441.24
677.77
308.39
197.09
380.26
2449.22
1313.52
1125.37
231.85
1391.5
1380.6
134.95
3583.51
654.0
3883.25
843.12
2140.48
4468.81
2223.56
581.83
1175.88
1763.48
348.19
3016.53
805.95
805.95_
1696.44
291.88
1193.64
159.73
1137.12
320.54
4966.57
963.43
2159.22
730.73
156.54
614.76
954.9
1250.27
137.95
137.95_
1234.53
1026.7
2179.63
1113.92
1872.75
1695.63
1467.95
1753.33
1753.33_
202.55
309.07
781.9
1460.07
1460.07_
557.78
412.52
412.52_
393.39
1215.0
529.87
2592.45
608.16
1089.19
1996.6
159.63
1443.54
1443.54_
106.9
566.74
810.8
810.8_
2518.1
200.89
2482.56
3012.26
2663.62
2663.62_
1941.93
2918.12
2635.35
517.87
668.5
3871.02
1338.53
526.8
2553.1
2553.1_
1201.98
20.88
366.87
2378.91
212.69
544.02
4623.54
192.25
21.07
1384.57
4097.1
1323.54
4064.81
488.89
140.6
1102.41
4146.12
332.57
584.53
2216.91
1055.06
656.86
154.46
1788.63
749.41
707.15
716.33
26.42
1822.92
1203.18
1346.44
775.81
2421.78
413.08
3234.47
162.76
787.39
4423.54
4730.33
4205.7
1065.89
933.97
1721.47
3777.68
3777.68_
3802.67
3487.36
1415.3
119.49
1289.96
806.96
37.16
2587.35
2668.97
2338.29
1221.97
1212.17
2093.68
1265.84
217.91
2523.65
4062.77
868.51
634.36
2140.2
759.22
1213.59
2563.0
2563.0_
419.95
1226.61
847.03
761.67
786.55
783.37
3075.54
699.36
1595.91
2141.86
731.94
1467.8
2695.77
2695.77_
1078.64
1078.64_
529.63
4851.34
83.55
1420.72
1475.49
1262.85
2057.89
149.44
677.4
1668.49
1274.12_
1274.12
576.75
518.43
630.27
189.0
2127.78
2127.78_
1394.14
707.24
901.34
328.81
1459.05
1175.61
2561.12
3036.1
72.03
3674.84
3816.44
1035.88
505.97
2474.96
51.54
1133.79
1485.54
4187.21
1454.48
3885.46
1248.19
14.34
795.19
828.32
338.3
1320.47
3331.54_
3331.54
4799.54
1418.03
1228.48
4228.95
2655.37
586.46
2584.22
1781.57
551.75
4308.02
484.98
820.04
820.04_
67.23
1428.04
4254.78
4254.78_
1334.64
2421.12
323.93
4456.34
595.2
1814.78
3750.42
539.96
1999.24
97.99
455.29
1040.09
225.86
2133.53
598.51
1455.88
677.68
746.19
942.71
3912.19
2418.37
808.8
769.51
1101.26
3201.91
1164.7
1872.78
271.61
681.54
1261.71
1261.71_
1010.15
4561.34
422.72
1660.2
168.33
2394.23
339.17
929.04
1653.14
452.2
2010.01
2010.01_
612.93
847.11
541.7
637.25
187.05
1431.62
556.73
1737.35
1157.08
50.19
248.58
1408.61
2019.55
122.92
834.0
1157.31
1351.71
493.42
493.42_
1703.39
3436.19
1458.61
306.23
703.05
1241.69
4147.58
1468.46
1126.89
3671.25
1325.46
4050.69
4277.82
2439.06
153.48
153.48_
1282.77
1401.91
271.88
1346.55
439.94
577.79
3566.81
4531.3
1598.32
1198.96
1984.5
509.8
1379.14
1126.33
1497.68
4753.48
863.63
1460.23
512.05
1852.93
2697.18
519.01
272.6
272.6_
1422.84
1019.44
2018.85
1885.3
1885.3_
195.62
1160.3
330.7
651.27
1312.43
846.65
461.03
352.92
982.38
2288.04
1254.71
4963.52
2030.51
2600.36
752.86
2090.45
1238.7
794.93
133.99
2440.65
1083.06
2042.65
1395.65
4358.08
781.34
843.59
1462.95
750.39
1945.03
37.71
37.71_
427.59
1651.16
2329.29
1020.69
3370.74
2882.5
469.99
1027.77
84.22
489.96
899.22
1419.52
2283.16
483.78
2604.83
557.02
991.04
1745.53
3596.37
347.48
854.02
854.02_
896.1
1429.18
2838.2
36.56
1394.25
3811.31
119.94
943.72
605.65
1145.77
1355.24
696.43
4303.0
2704.68
1300.7
2396.18
687.69
3688.7
3259.17
1270.06
150.14
128.19
36.21
2674.44
450.66
1333.84
491.77
2422.84
1263.11
601.76
601.76_
1102.14
2945.92
2402.1
1482.46
2704.98
554.31
1012.18
1266.04
2527.33
805.64
2385.46
471.82
345.07
630.25
1041.4
34.26
2015.16
1005.15
476.09
1303.11
319.99
3683.98
1321.92
819.92
2664.21
3796.42
337.9
1744.57
220.4
1014.25
2975.16
1566.54
1513.71
1234.99
645.24
645.24_
2050.42
2050.42_
1136.96
940.66
940.83
1926.88
3886.64
2272.16
2483.98
2483.98_
299.91
2469.98
1.3
829.69
2469.99
714.54
714.54_
329.02
821.74
1152.93
352.83
150.49
1118.51
4738.39
1111.92
1029.31
1428.53
2307.33
345.23
832.68
883.31
4491.22
4903.14
1286.8
863.78
2696.49
2328.08
157.98
3916.73
4591.53
4857.4
1232.63
465.87
1472.07
264.0
653.37_
653.37
1128.23
4706.9
914.7
3297.71
2120.2
1803.77
592.68
2181.17
1127.35
2357.37
167.15
799.07
1107.05
2169.86
2213.85
2301.93
2301.93_
1743.43
1611.31
1758.91
771.67
197.39
2481.83
547.05
547.05_
819.57
1552.66
1036.93
1311.97
329.72
2403.74
878.69
2678.85
173.85
1437.99
395.78
2685.31
3552.52
1434.97
2639.35
423.22
598.94
246.13
201.05
113.12
1193.54
348.96
1308.67_
1308.67
2556.35
553.43
452.85
1471.04
952.39
4192.67
1761.39
1962.19
4496.04
14.56
125.69
1050.97
1129.87
1027.38
1237.42
1571.26
1571.26_
2413.88
1118.35
3393.48
527.06
935.85
918.62
1084.26
2.43
525.01
1009.38
1362.43
482.57
1493.28
2520.97
2160.91
903.14
717.37
2452.62
2604.66
3408.89
28.85
28.85_
1481.83
672.08
4444.99
879.87
436.11
2532.02
792.61
4364.82
645.25
1405.26
1213.8
274.48
274.48_
1180.26
1084.12
1020.66
2089.29
193.58
1074.05
732.51
1728.05
2370.05
740.23
1207.31
1394.62
2520.94
981.69
673.14
1204.86
1204.86_
4154.81
603.03
1978.87
833.93
302.21
616.95
3008.98
1015.81
769.87
3886.6
1254.76
66.36
210.15
1044.27
1085.51
1034.08
1034.08_
305.09
3830.47
3830.47_
1398.69
1169.18
852.62
1009.12
423.26
820.86
1740.14
316.87
489.94
3168.37
2233.25
1241.94
2670.43
2641.91
1279.64
2663.43
326.16
7.64
1101.71
59.91
2353.97
1362.04
809.59
1194.12
1141.72
13.57
1294.94
1154.51
1306.52
2432.09
1883.89
117.91
1237.88
2402.05
27.94
2735.13_
2735.13
743.41
1364.64
1364.64_
2382.63
2574.41
2511.75
725.97
437.82
1958.78
747.72
813.45
4247.08
50.69
1294.09
160.3
1602.76
1078.49
1425.2
1171.85
1950.0
424.98
3050.91
188.89
982.98
49.52
461.19
455.55
330.26
1124.24
180.51
510.55
1408.73
2542.76
2577.15
1178.89
1174.48
1344.31
1039.71
892.56
2208.99
4105.86
23.0
1287.18
1695.75
2640.74
2109.67
2053.1
2374.96
2310.04
1488.29
717.86
4108.42
4108.42_
990.39_
1923.54
1392.72
4960.88
3671.84
854.43
1036.37
1485.18
1128.58
80.06
1069.89
1391.31
1185.56
2410.07
1046.68
588.81
116.26
2229.82
720.08
2291.05
1227.49
279.53
968.34
1215.11
1215.11_
2823.83
4151.04
4151.04_
2484.72
499.04
1236.68
2650.7
1433.03
327.8
994.73
371.41
254.3
512.09
2656.51
1173.99
957.82
2358.57
548.32
3513.91
1554.93
2547.35
1421.43
997.45
1206.07
1073.74
4340.03
426.07
3572.04
251.99
1348.66
1348.66_
2136.82
336.54
336.54_
1978.1
2698.94
904.47
2548.54
1652.88
1106.11
2012.34
427.94
619.29
3495.11
1013.53_
1013.53
4171.09
136.53
4712.1
930.24
565.28
3416.97
1025.71
1472.86
1472.86_
4964.77
1057.47
1166.64
607.78
2503.76
493.99
59.21
4192.94
1720.78
1475.99
3921.14
1943.21
819.98
1264.92
114.44
1626.82
1803.13
2350.45
2578.2
1233.74
1211.85
4887.73
2589.31
1361.67
2034.67
2386.46
1575.5
189.92
671.88
677.58
1909.03
1909.03_
2587.15
3270.39
3270.39_
700.2
4977.18
860.37
860.37_
1467.62
290.39
290.39_
1522.95
2866.5
2866.5_
494.16
458.36
2422.18
2623.2
1072.83
16.18
1262.89
876.69
2239.44
1465.3
50.07
3215.43
1418.31
233.82
4501.87
492.86
850.37
2436.17
708.5
1314.73
1192.4
1192.4_
1386.79
1389.53
1754.88
1331.03
471.0
2117.29
1039.53
128.48
1747.16
2665.79
28.54
3647.98
335.45
68.29
1126.18
1436.53
778.09
3373.85
3777.55
1711.24
370.57
2700.12
1482.3
727.29
132.59
1319.37
898.45
1122.46
1405.04
4329.12
784.87
1292.52
1448.17
4695.79
44.91
1246.97
1246.97_
3106.79
1295.38
1941.98
1961.73
1300.14
280.11
4492.18
521.92
711.8_
711.8
1266.03
442.23
3952.83
715.01
1249.88
358.85
953.75
176.26
1092.71
3775.23
117.58
1376.25
1376.25_
1138.26
4348.66
1255.59
682.46
1898.0
447.92
424.5
285.36
1063.73
479.18
787.76
474.37
207.43
2137.77
3539.39
1827.5
3549.71
3549.71_
1195.96
884.11
824.62
1421.95
404.81
1197.23
484.79
4598.96
4598.96_
1319.45
1364.66
1726.92
2950.8
1063.31
1112.03
1210.72
530.27
328.83
825.71
891.71
999.25
289.82
1581.51
1977.54
1977.54_
2643.36
454.67
1129.83
3856.66
4632.72
4632.72_
4448.24
13.59
1525.95
2288.25
2301.51
4912.34
335.22
766.58
3479.89
3839.68
1973.0
2391.39
1132.38
419.67
1025.88
2347.06
1395.17
793.87
917.37
1399.73
655.05
655.05_
4997.1
314.79
1760.86
2559.02
2559.02_
1424.06
1377.35
972.51
514.68
1420.58
110.89
1125.67
4100.98
930.08
353.25
79.67
397.93
448.22
2321.1
3988.68
1348.17
1398.96
1257.59
275.6
622.68
3812.9
821.6
2497.36
4335.7
438.69
4676.17
245.63
1056.56
542.91
109.83
1472.81
3703.66
1431.83
2057.39
981.66
575.33
883.91
1784.53
1933.98
453.4
453.4_
1013.66
715.46
3680.6
11.49
291.72
146.6
1201.75
434.36
189.1
630.24
1398.98
777.89_
777.89
822.54
1498.41
1561.52
904.93
2424.8
1330.7
1588.39
1304.38
1039.74
381.11
852.74
997.64
644.74
693.76
3231.08
698.93
2590.63
3777.1
1110.26
1402.89
626.34
837.96
1216.94
667.15
864.67_
864.67
383.3
1483.41
1493.69
1188.1
2056.32
1108.01
2949.79
2032.49
2032.49_
1257.27
1257.27_
2057.65
1171.51
1171.51_
364.08
364.08_
347.3
1519.25
1137.16
380.37
2830.92
1265.73
80.73
763.74
1069.53
777.56
2341.96
1028.59
1004.82
349.04
655.01
1468.69
862.42
1.37
2346.29
1257.38
85.79
3902.97
1024.27
3503.17
202.76
1286.5
556.78
656.57
1514.13
62.37
3509.08
3509.08_
707.85
1198.23
431.78
1128.68
1494.99
2575.83
141.08
633.61
303.07
1935.65
2157.76
4149.76
1556.76
762.85
291.77
710.17
1239.81
169.28
905.89
401.56
1136.29
277.93
912.67
2562.29
1396.07
1442.31
921.38
1934.42
1236.76
1095.37
1163.57
299.78
626.14
1192.53
495.54
856.75
4402.43
806.06
1362.34
693.37
693.37_
2173.67
302.02
1963.24
1312.58
1330.29
1330.29_
1226.09
1425.04
588.59
1385.28
2303.35
162.01
982.91
2344.37
1375.66
1357.95
1494.93
517.96
689.42
640.59
352.97
660.89
788.73
136.25
560.41
2366.24
315.42
912.86
4867.95
1179.08
914.86
4287.78
322.43
3896.76
83.91
970.26
1448.71
791.4
1234.3
1505.0
1448.3
1214.05
179.48
886.96
3224.48
1461.56
1084.78
247.54
1101.13
942.99
1100.84
1290.47
203.21
2253.93
4955.51
3544.22
1492.88
1315.1
1284.22
1133.03
1200.93_
1200.93
1276.04
170.99
1203.19
705.33
1381.32
2228.97
1080.06
602.02
2181.21
3072.06
3126.29
1006.25
1238.04
535.22
408.12
377.84
248.56
104.45
292.4
1171.17
449.37
4300.74
2449.21
138.21
2000.96
51.37
1458.58
980.13
894.15
2291.35
2124.47
246.22
3253.48
1437.16
224.36
1205.02
1205.02_
889.46
889.46_
1337.25
2543.03
1071.74
2001.71
4519.75
1490.82
412.53_
412.53
4736.08
1374.76
1374.76_
496.59
989.35
566.77
462.49
4970.14
1625.87
86.51
3739.35
1187.43
812.5
2076.62
984.67
29.81
1423.22
901.05
2574.54
2053.98
4736.0
1718.29
834.5
2276.26
2551.01
1476.36
1709.48
1301.66
549.95
1135.98
2063.55
1484.18
1318.49
512.24
1020.27
1020.27_
888.02
888.02_
1132.51
3953.52
4584.48
1188.44
249.36
949.55
2794.26
3383.55
1278.35
2314.66
2103.83
556.65
2343.0
1065.19
1317.42
2486.49
1867.79
72.67
1001.61
3664.04
1024.88
370.4
2171.51
3388.02
1286.51
265.44
1311.23
4047.31
744.37
2879.88
3868.66
823.24
782.26
13.72
2084.96
383.55
1917.58
286.92
3530.81
1243.2
302.94
2043.24
1346.83
362.03
150.68
1360.5
904.53
894.04
83.16
401.73
364.66
1491.91
1951.58
1266.82
4670.52
4399.81
352.86
515.55
573.35
138.92
2525.66
224.35
4107.9
741.46
557.68
1269.87
85.92
992.89
1399.81
370.12
412.77
107.51
271.51
2373.8
586.55
586.55_
143.12
1248.07
629.75
672.49
1673.64
3668.84
146.2
2202.35
196.65
521.11
4807.65
2394.38
2803.03
3604.92
1381.96
147.27
4332.94
1278.4
1292.16
1175.81
1019.48
724.12
4975.63
49.62
430.39
1507.49
4745.81
402.23
402.23_
3069.01
865.97
1253.93
1840.31
459.16
124.1
124.1_
1627.25
651.79
651.79_
447.52
2708.73
525.82
3004.98
1250.9
3667.71
2661.65
2569.72
1051.3
153.23
1286.12
2691.71
388.78
438.23
1426.88
836.37
1025.98
2315.7
2441.01
858.29
504.93
898.38
3176.86
1396.14
945.42
315.72
1463.48
1463.48_
801.19
479.65
2573.23
1455.73
1134.58
2829.92
1301.9
1472.21
1850.44
39.53
834.68
538.53
928.99
2159.47_
2159.47
185.84
324.6
3019.98
1333.93
1149.82
124.81
722.9
579.47
3824.03
246.83
834.43
3293.91
607.9
3080.03
3080.03_
1257.75
3501.44
1155.39
1571.79
3517.97
1148.57
723.55
2107.97
2911.37
1204.17
3791.41
1325.96
809.86
809.86_
230.13
1182.14
558.93
2.04
527.91
4063.06
1406.53
1419.42
1793.37
1793.37_
237.52
103.22
447.18
447.18_
939.62
2748.17
1235.05
1793.04
1812.46
387.02
757.38
1496.49
1251.67
4301.9
21.75
680.76
261.57
3280.67
3106.52
1655.37
407.86
3519.93
1426.06
1028.07
651.07
433.44
3962.26
1227.12
566.05
1285.35
154.63
154.63_
951.68
39.31
98.81
98.81_
359.21
2256.44
2654.64
2665.67
254.29
2637.96
1085.48
267.55
592.33
217.4
3851.38
151.29
130.56
1975.55
828.16
2697.9
1462.16
1413.42
978.09
1917.48
1461.03
54.93
3567.67
1961.87
2236.0
2236.0_
1341.25
526.26
2685.69
1570.56
2307.3
1220.51
153.12
523.83
359.41
990.03
1801.38
2489.75
711.1
1205.32
646.77
1278.59
2530.78
707.52
1085.7
3017.34
1369.63
1353.48
2465.73
4526.89
3143.12
3143.12_
1149.07
1072.32
210.65
2073.32
741.09
1889.3
2297.22
128.68
833.92
2683.29
906.11
1347.05
333.02
1024.09
1381.87
3650.33
1771.8
2391.98
692.63
636.46
2521.38
904.83
3625.47
1408.75
3389.04
1399.25
3914.45
28.98
4183.81
176.96
176.96_
2270.02
3782.93
299.8
299.8_
2634.91
2600.04
2359.92
2381.98
4723.28
2429.89
2169.75
1383.41
1496.62
1327.91
2563.31
2563.31_
441.46
367.46
3388.37
596.86
2519.19
555.42
1374.84
1616.26
1616.26_
791.0
619.74
1426.83
569.26
671.17
301.42
1061.82
1887.32
1471.3
1653.0
760.99
2404.0
859.38
1181.13
1181.13_
1227.75
4795.81
245.46
245.46_
1154.58
449.65
559.23
9.35
208.05
1365.41
4596.48
796.54
1138.1
3532.09
30.36
982.63
320.07
4635.75
1109.1
1403.39
947.58
4142.16
1278.12
1278.12_
361.47
537.81
1456.25
2689.93
98.55
175.4
1496.84
996.99
1271.28
3517.04
3011.81
3011.81_
2277.28
1368.63
569.95
1605.65
4968.17
1113.49
208.02
1395.47
1372.83
2124.28
681.09
716.21
379.73_
379.73
806.02
3127.87
3822.75
2449.13
579.96
611.5
1215.29
955.32
1118.03
384.22
384.22_
1226.77
3235.52
2504.1
681.5
1172.94
549.88
1708.57
1876.55
521.1
742.25
2594.78
585.59
463.03
946.91
421.45
2917.05
823.88
1160.07
962.35
149.92
149.92_
1235.92
2541.81
128.17
1609.69
675.51
675.51_
930.3
1397.21
18.15
2582.6
78.69
2622.84
878.78
1403.55
797.79
31.77
4343.23
1205.77
274.98
2077.81
2077.81_
3099.7
3645.73
3645.73_
153.08
43.99
379.94
1665.09
1407.19
3534.9
2279.0
1481.35
1481.35_
1464.72
1288.31
1269.36
1452.04
1041.11
789.47
264.38
1203.56
1438.66
110.73
1133.21
1056.33
460.79
3155.47
1025.79
548.31
1326.39
2676.54
304.77
115.48
831.37
651.32
16.36
1974.29
172.91
1213.1
900.26
3576.63
940.91
1288.65
1365.58
1106.86
84.02
194.58
844.54
1433.89
2813.15
2813.15_
1069.19
932.32
111.83
3622.14
954.98
2617.44
174.74
273.99
1889.31
785.19
785.19_
615.39
176.51
1811.96_
1811.96
670.36
2362.56_
2362.56
902.23
2405.5
4779.68
3339.22
560.57
1707.18
4786.62
3116.46
1969.76
399.01
3487.3
341.88
764.45
1114.46
857.88
953.24
1446.99
2501.85
704.41
1221.11
1221.11_
1231.32
1892.22
3415.38
2554.95
1210.87
31.5
1634.56
3428.08
4268.86
694.02
295.16
333.86
721.91
1318.12
1489.73
3815.21
638.7
1295.76
625.46
342.77
2229.59
1350.4
828.59
1134.39
1385.21_
1385.21
2160.86
180.53
1482.09
135.88
1354.46
1299.05
95.89
1408.3
1391.77
3178.65
4241.23
1274.76
3519.49
1686.57
1410.14
4128.98
630.29
3984.74
418.24
418.24_
1008.31
1020.77
1379.67
572.17
137.98
664.61
1600.43
1600.43_
619.73
1075.37
1075.37_
2228.79
1513.28
46.92
2822.13
4579.09
1455.38
1455.38_
407.8
1191.4
1056.32
1056.32_
609.25
441.0
2181.01
33.61
1356.05
216.05
1317.58
2547.59
1194.0
639.32
639.32_
1533.86
982.44
820.08
3695.47
2261.01
2261.01_
2128.94
702.65
1071.88
665.28
807.52
1128.36
1052.0
1369.84
1369.84_
623.04
170.33
410.57
1181.19
4509.55
96.56
719.7
2258.24
1140.51
560.63
127.56
529.22
522.23
595.44
595.44_
1001.48
2887.41
2430.27
78.27
1014.51
1146.79
85.5
1513.27
196.3
1329.63
688.84
658.69
2075.14
555.33
2144.36
1030.14
1962.59
263.42
644.34
636.95
374.7
684.53
411.98
4435.23
1167.86
589.97
241.08
1190.45
1190.45_
3336.83
381.82
74.04_
74.04
1112.47
1112.47_
1314.14
487.77
839.78
90.19
716.24
3072.15
3072.15_
803.57
405.99
405.99_
959.18
4295.32
926.99
4144.96
1831.87
3955.65
2412.24
727.67
4610.78
1244.36
3339.61
940.12
1106.09
1144.03
736.07
775.33
264.89
1280.42
1289.04
238.37
3694.28
2643.57
469.89
2552.86
4306.15
1303.28
839.85
606.48
606.48_
1143.8
617.14
1051.13
1424.11
3696.36
1032.63
1190.44
832.0
464.0
2842.68
1438.83
1960.28
1086.63
778.66
1231.19
2224.91
3720.45
1603.52
1603.52_
260.98
305.03
2457.42
1264.37
379.47
437.39
432.45
1202.43
337.75
3781.47
3781.47_
2052.02
85.85
463.82
881.24
881.24_
217.57
4403.86
1054.24
754.73
1251.27
322.42
4870.95
2361.69
533.66
1189.37
641.04
1086.65
785.88
720.17
184.38
715.98
341.96
3829.12
613.9
2097.84
4174.75
2033.14
2613.85
695.2
1482.15
3189.0
1262.12
2802.45
2802.45_
242.65
633.13
1483.22
3596.69
45.94
699.06
267.22
2653.72
1994.72
1452.43
2597.2
1444.19
3839.64
1538.62
818.71
1071.33
1071.33_
3707.9
890.19
1468.45
50.83
1352.15
765.44
1214.53
2372.51
1388.43
240.56
2490.34
2490.34_
1445.31
190.98
339.01
3713.24
2404.64
1495.9
723.9
3492.03
542.7
3528.13
3457.78
774.36
2098.56
1215.84
203.33
1385.18
1865.26
4593.28
111.66
1367.94
1367.94_
115.22
107.57
1000.11
2660.07
1282.88
3313.55
3313.55_
1640.86
1831.88
1465.73
2162.07
1695.41
1695.41_
1080.98
1080.98_
1122.62
316.26
1222.28
847.66
697.26
2769.02
647.24
1338.2
4907.1
3119.55
909.93
226.21
1363.29
1280.87
1148.21
947.31
612.46
4733.81
4733.81_
34.3
49.03
4814.08
2186.43
334.62
989.42
848.59
841.69
2697.61
1819.26
1587.62_
1587.62
1948.99
1948.99_
2322.35
952.69
276.03
1371.87
1014.83
1793.18
1483.05
1384.96
475.41
529.67
1585.96
109.97
1250.01
1250.01_
2314.96
962.51
2557.06
48.86
170.06
3852.21
853.92
926.18
1314.77
895.29
2558.29
1847.52
376.47
2054.39
1280.16
2858.56
2121.07
3697.41
969.29
1732.94
1732.94_
189.59
2200.1
1379.29
1323.21
2515.23
1909.45
1026.46
3459.41
64.27
1360.71
4639.59
1235.16
18.99
1349.46
1422.93
2665.74
1215.52
34.45
2620.12
1288.58
655.46
412.13
483.48
487.21
527.37
4505.63
1784.98
4751.52
638.27
898.75
899.28
899.28_
814.54
676.45
1756.54
321.36
1116.18
645.49
1438.65
1438.65_
731.36
3075.29
1747.08
1543.16
1543.16_
1078.84
2302.28
1472.05
1475.05
327.77
1286.4
2057.22
1475.3
1151.05
1362.65
1200.66
1122.32
1426.15
539.35
1464.69
1883.54
1883.54_
2521.64
469.39
469.39_
877.44
2492.68
3596.56
80.83
670.02
1244.42
490.98
968.19
968.19_
10.55
10.55_
2685.41
64.66
64.66_
1191.79
554.69
2089.89
340.65
340.65_
1644.89
1285.78
883.74
4176.67
4003.87
3951.21
1190.59
184.71
1476.27
2482.73
1465.8
1598.4
34.15
1387.48
1424.04
315.5
121.02
511.5
3489.9
1027.15
2583.31
1784.88
2607.0
852.2
219.59
911.82
2918.16
2918.16_
2097.73
184.44
2580.05
2258.3
872.0
1367.11
1462.53
587.61
1029.0
644.57
1435.61
877.12
1371.56
1286.59
23.7
2411.02
242.75
1895.45
720.94
360.11
661.26
1155.96
868.83
868.83_
890.61
1128.37
3804.18
1404.99
1435.6
467.77
1181.1
557.38
262.25
1292.35
875.32
1500.09
1329.17
2339.82
478.85
78.47
814.52
814.52_
3761.85
946.64
2683.21_
2683.21
1209.83
244.52
1494.81
161.0
1077.27
1077.27_
1814.13
1854.48
1415.51
1356.88
4546.95
278.25
575.92
3346.41
3346.41_
2373.4
1671.15
1671.15_
3985.22
1040.21
1485.87
1067.77
1067.77_
757.74
757.74_
1890.74
1371.99
1814.22
1179.89
4157.2
719.48
931.68
847.35
546.83
1960.47
681.37
3687.18
24.75
1488.12
385.83
385.83_
3806.35
1987.47
480.17
941.61
950.56
756.3
531.08
984.91
203.93
901.52
331.11
1179.69
372.06
320.29
44.01
841.39
589.65
538.87
472.54
1731.47
237.17
4783.46
621.5
766.15
247.04
1651.44
1496.11
1496.11_
982.4
4648.32
4648.32_
4460.12
2566.9
2865.49
1916.2
4294.21
794.33
392.56
1271.85
1429.53
1156.17
1300.39
1237.13
4312.41
1301.91
1259.66
1321.69
2776.52
542.35_
542.35
2577.87
476.64
4969.7
47.58
767.89
1053.75
2579.1
4484.49
2368.74
2209.6
978.49
2924.35
140.57
140.57_
535.3
1142.39
850.7
1218.18
1154.49
1154.49_
2575.62
2575.62_
158.8
2400.96
28.36
2181.28
1562.91
511.27
4850.57
1371.48
2570.42
326.61
1212.98
2566.55
465.88
465.88_
615.14
2495.35
584.85
914.82
313.55
802.3
280.1
642.93
1310.98
775.52
723.27
358.9
988.23
71.41
14.96
159.41
159.41_
874.86
2651.74_
2651.74
4865.81
138.97
938.18
1143.52
1322.67
1029.86
2679.6
528.22
2059.59
1137.02
3152.24_
3152.24
4019.02
333.59
418.54
1317.45
3900.85
1382.42
1138.94
527.79
2074.85
2074.85_
2988.2
636.43
636.43_
1037.47
1144.88
911.67
911.67_
1269.97
117.63
3588.8
1344.25
1344.25_
616.4
902.47
1281.92
966.45
1082.86_
1082.86
1440.67
4709.03_
4709.03
3336.99
1378.67
1323.86
770.1
707.43
707.43_
1436.59
461.05
1956.44
1924.31
2564.51
1498.17
1958.28
1348.26
1129.46
3080.5
707.38
99.73
1240.7
1344.0
278.08
2681.84
1332.6
209.88
3471.77
1312.29
2211.7
157.71
4184.84
1267.99
2429.47
1083.76
1356.1
549.99
203.65
4429.84
687.13
2321.86
1305.41
1660.53
762.48
201.05_
50.1
2211.05
1210.88
2687.2
303.74
1449.7
4715.24
2467.13
4522.59
2229.76
147.52
127.91
1699.39
739.51
3431.0
826.57
474.74
393.5
2721.14
1420.04
1420.04_
1352.38
62.82
1597.61
242.47
761.16
2613.46
2291.45
2442.56
8.99
637.5
1291.41
368.29
912.72
1207.09
785.46
1243.37
1428.58
1594.93
194.65
1303.45
276.09
599.17
506.05
1720.99
1831.48
2308.2
1646.74
1304.11
1369.89
1405.98
194.3
58.37
1752.55_
1752.55
2622.13
2765.09
395.22
5.57
2286.73
764.08
1006.1
948.38
595.38
429.07
2627.13
412.1
2156.04
1326.06
1326.06_
167.19
2151.1
2913.45
3632.05
780.54
2598.41
4129.59
4348.48
855.44
2461.7
1300.81
2952.58
1033.9
2009.75
1980.82
1441.59
522.36
704.23
2634.7
2105.3
1368.79
854.63
792.46
792.46_
1094.04
304.31
3729.82
834.41
962.78
1033.06
1417.06
297.64_
297.64
2375.63
2375.63_
1220.07
1445.54
362.31
102.66
3195.13
1194.53
2567.89
1260.01
382.28
1150.18
134.86
499.74
2282.66
4259.04
1261.43
1751.32
1475.0
2622.43
1679.91
2728.69
1619.56
1619.56_
1488.8
100.7
52.5
586.69
1187.67
1455.94
1326.5
890.13
2236.88
156.87
2183.27
2374.78
1875.62
1106.94
1305.55
56.86
479.07
1194.35
4362.59
2523.34
2286.03
385.92
714.2
316.39
146.9
2686.24
1684.57
1477.42
263.51
432.53
432.53_
664.92
1.42
3069.57
1050.75
1165.7
553.13
4200.42
1541.26
2703.93
885.35
1931.25
2041.46
1690.69
669.47
669.47_
2654.31
2654.31_
4667.4
990.47
3467.82
1517.03
2404.05
1316.95
2348.77
129.15
450.32
1196.09
2289.03
1743.81
256.26
1158.65
1736.21
834.22
3535.37
456.99
4936.75
1443.42
2572.66
53.04
1375.36
1048.32
2525.19
2031.94
600.66
600.66_
133.38
1361.06
370.2
851.53
4667.33
3817.62
271.3
724.81
724.81_
1176.39
283.39
4683.88
850.02
1460.16
3766.41
2399.88
4673.3
448.66
804.9
140.29
1055.95
1479.37
2052.59
673.24
1349.16
2112.32
2576.28
1194.93
9.55
893.62
635.84
1216.0
2548.19
1163.48_
1163.48
2618.21
3623.97
420.06
2434.15
1166.88
487.42
16.42
1271.82
1118.15
1405.42
1405.42_
4044.13
1454.59
1333.22
526.48
195.21
506.96
355.75
2765.76
296.14
473.86
957.88
1017.21
1300.3
1467.27
702.98
4763.02
516.4
873.05
1469.47
128.7
106.28
106.28_
306.88
1260.81
581.74
691.31
1374.27
638.57
638.57_
147.14
528.87
3051.99
3051.99_
1009.92
1418.23
770.81
1428.41
1532.3
1167.37
2364.63
1159.43
689.18
730.35
2915.01
161.57
1387.19
48.42
48.42_
316.07
257.8
746.9
1191.15
893.87
2476.35
2484.62
1485.6
1343.7
955.8
2620.89
1154.92
147.5
4041.9
22.61
438.66
3011.85
2397.32
1496.77
1672.04
432.67
1596.16
2103.76
820.52
529.7
1253.64
1662.17
1891.02
2028.19
1385.67
1182.68
1450.7
1081.77
4645.81
115.63
571.65
1174.05
473.14
552.69
334.24
334.24_
4532.65
695.19
695.19_
3974.8
3530.13
3530.13_
755.6
78.41
78.41_
2899.67
2899.67_
455.46
1203.51
879.41
881.25
927.27
1591.92
1353.07
1187.52
2288.31
1035.87
1453.22
2522.06
866.07
179.1
287.63
2621.47
869.59
234.96
1083.49
42.6
1349.1
879.78
2830.52
903.97
990.2
2514.35
2329.28
191.78
1152.68
1153.0
2457.36
1116.67
3659.35
3659.35_
2284.08
2503.49
660.27
3409.13
1311.73
3459.09
554.13
1365.36
815.23
1365.32
857.14
246.87
1355.48
1098.59
1381.48
413.84
544.21
626.73
475.64
3343.19
2012.25
198.46
2466.19
632.93
770.41
500.6
158.2
1467.79
601.78_
601.78
4103.78
2971.17
1101.15
2307.13
1459.58
812.81
68.09
2358.58
324.35
2708.55
1385.73
527.39
821.92
3905.9
1723.89
1400.27
527.85
932.17
107.79
4559.65
25.62
2269.63
261.59
261.59_
3315.01
34.7
492.7
17.6
1285.14
394.94
1783.53
1036.21
2644.2
594.5
1829.92
65.19
96.85
333.79
1539.86
2502.15
443.96
113.06
1967.2
3742.92
1382.94
1382.94_
1785.84
2456.24
179.27
449.87
40.87
780.59
780.59_
72.24
337.58
2511.39
4853.8
2860.18
1817.0
146.68
1108.63
1219.91
255.82
625.84
625.84_
921.21
569.11
783.27
2084.72
1096.06
1096.06_
2662.07
2315.02
946.27
2552.06
1142.21
1307.87
2519.74
1619.77
4279.0
609.77
2044.39
2044.39_
340.16
340.16_
680.86
1843.38
82.6
82.6_
440.0
725.39
1750.14
335.3
335.3_
1302.63
1224.18
1194.9
167.62
2115.47
2115.47_
2111.68
1379.62
641.14
889.05
1077.49
2380.66
1410.73
4499.92
2579.62
273.5
973.01
91.34
91.34_
233.83
233.83_
1398.09
1272.79
4128.96
1404.11
1246.99
1246.99_
3897.4
390.39
941.79
739.82
559.07
1425.23
1425.23_
1557.41
350.98
31.44
849.21
1028.1
957.94
697.41
1051.86
1753.16
3415.2
1216.15
1366.3
1325.65
1663.52
263.56
1619.3
2704.28
1210.76
908.97
1434.58
2168.54
1488.34
1757.24
873.63
1271.95
332.47
1099.31
1457.8
2374.03
254.83
2245.8_
2245.8
1406.02
176.43
22.45
194.21
586.89
303.16
1066.48
1066.48_
1663.58
1323.93
642.59
4029.36
218.44
884.38
1237.12
44.08
1203.86
106.96
2668.54
4963.83
898.13
3924.2
753.0
1624.09
1213.82
347.93
640.11
1510.15
201.67
165.17
3651.35_
3651.35
2585.89
897.82
897.82_
1480.98
1268.79
520.36
1068.87
404.44
948.08
1338.69
3321.79
2646.26
2646.26_
328.19
3513.18
728.52
875.22
893.47
1429.23
923.05
861.39
1284.4
80.61
396.63
811.71
321.9
547.3
398.04
2524.17
1188.49
166.69
1143.31
3934.53
771.0
771.0_
3916.47
425.17
425.17_
4207.77
143.42
1231.29
2360.12
1691.54
509.87
718.62
1299.02
423.78
2996.6
1450.6
2152.42
862.64
1298.97
1092.14
1421.54
1302.82
1302.82_
583.9
4381.85
728.29
1698.06
2312.67
1307.64
3593.36
1167.83
479.64
1197.73
4431.55
1233.05
2882.12
4420.25
2358.06
2266.23
674.13
1409.97
1053.72
998.45
1246.12
1195.92
516.42
2851.57
759.29
388.24
4662.8
2625.54
932.25
2507.45
2390.37
523.63
2557.14
1265.94
1363.68
1306.23
1541.87
2986.89
2986.89_
760.97
573.89
2153.66
2153.66_
2136.31
1713.04
425.01
4.82
1457.41
166.75
1884.63
768.79
1487.26
1472.91
1472.91_
4479.0
760.95
90.89
90.89_
4902.83
1512.32
1354.32
1466.43
1064.61
1064.61_
756.94
2000.01
1410.01
620.76
519.38
359.14
202.29
66.03
1123.12
1802.87
322.27
88.52
718.0
1312.23
1795.98
142.09
103.86
103.86_
1360.21
866.29
2342.78
794.92
1562.82
1790.16
685.18
1835.67
320.89
1985.59
1774.12
1129.06
4854.6_
4854.6
186.72
307.82
405.73
1180.91
1180.91_
555.67
1435.29
2489.37
4543.22
2190.95
1274.92
1072.94
1935.68
605.05
4579.44
236.79
302.52
265.56
2057.4
429.41
724.78
520.99
4571.03
4683.95
819.37
651.99
4104.07
1376.79
375.52
1309.87
1263.68
1449.51
3.5
1249.34
958.73
4770.24
4770.24_
881.05
3267.56
3399.01
2360.67
334.38
4445.09
4312.53
2523.41
37.21_
37.21
526.31
84.62
1252.78
967.3
502.29
1364.4
2882.07
2475.74
304.27
856.33
710.49
593.96
2529.35
950.44
1916.98
2476.44
1483.23
3412.46
1254.45
555.74
2580.63
1641.88
908.62
504.03
1634.59
704.02
3503.1
243.11
1739.92
15.81
2816.57
1399.03
2733.27
2561.61
1282.79
955.6
581.65
787.5
213.48
1384.06
361.83
2353.61
317.72
1544.49
78.28
1344.09
4394.08
643.56
162.45
2151.93
780.74
1357.63
787.72
873.71
1419.99
2534.96
135.75
3869.25
74.14
4674.39
1372.24
30.79
838.13
838.13_
696.79
1101.54
1443.0
600.73
2466.56
1722.61
1722.61_
664.65
2815.41
330.98
164.52
1200.7
365.97
474.21
292.99
1098.96
1015.61
2410.06
1261.0
94.46
1012.22
592.24
1915.89
1063.18
2073.6
1159.55
407.48
993.17
945.68
1379.81
761.58
568.59
2282.28
1282.53
1263.18
2504.59
839.77
3814.48
758.45
758.45_
2870.09
2281.65
664.23
298.85
533.71
214.94
1784.38
325.41
304.5
106.92
978.02
2272.74
183.94
420.31
145.32
464.4
464.4_
1836.2
2380.48
3290.93
3590.91
2850.96
2552.26
2552.26_
2852.17
1150.54
1150.54_
4809.55
1189.57
864.6
539.17
653.6
1906.14
1606.49
1691.6
45.66
298.98
1001.02
643.23
813.2
229.36
1477.09
1031.09
1110.5
1989.26
460.78
2696.61
885.12
1488.37
730.89
1874.2
1874.2_
2158.3
768.55
1062.1
1423.18
1188.75
1188.75_
52.94
209.28
160.38
333.21
3497.36
4300.4
210.93
105.11
1253.79
2556.12
1464.67
364.1
2688.58
430.6
1385.62
2061.5
465.95
1414.23
544.54
4454.76
1857.21
2219.17
2590.93
967.5
4483.98
109.76
3012.94
245.3
401.31
680.7
1231.39
1231.39_
3229.56
1379.69
1150.59
401.8
340.22
340.22_
3466.45
1310.39
893.83
347.51
561.42
667.39
3207.74
321.89
359.67
1295.1
1570.89_
1570.89
809.08
735.8
869.62
2520.04
249.67
1559.06
4000.4
967.91
1116.03
1116.03_
1940.49
1246.47
998.07
933.67
330.54
2576.18
943.06
529.09
2597.91
1125.35
187.01
1283.47
1386.36
1386.36_
1338.17
2625.27
650.2
2286.82
1518.47
957.51
1009.33
842.4
493.08
808.52
1476.91
891.74
2308.33
3469.9
1855.46
1088.7
1272.85
1285.01
288.22
2953.68
404.88
1369.98
1289.03
2904.16
3363.51
4955.69
421.38
1812.84
4997.05
239.33
239.33_
2533.64
1260.27
985.31
160.5
1181.75
2704.05
1773.7
2456.49
3371.08
3739.9
225.58
1121.05
1121.05_
2471.1
250.99
250.99_
278.35
2552.49
440.78
4944.58
303.68
330.47
330.47_
1048.97
2081.23
4524.72
714.71
192.94
2509.58
2364.98
9.7
226.5
413.86
881.44
2783.29
2783.29_
1095.32
2312.09
2500.0
3446.44
2635.58
846.08
2063.91
543.95
566.34
1058.03
1236.73
2761.57
688.61
1549.11
1549.11_
309.14
1576.38
23.19
694.78
1439.72
1684.17
836.88
1211.61
978.88
1159.42
350.9
863.31
476.18
662.86
100.42
1045.89
2136.77
3223.66
1015.24
3033.25
1133.1_
1133.1
1861.75
1085.23
2360.06
226.72
832.14
3633.04
1395.09
1877.98
872.26
1639.04
1222.96
1769.76
2271.74
676.54
3281.44
64.69
64.69_
863.48
863.48_
1332.44
869.45
67.59
296.54
4416.93
4416.93_
920.25
1043.81
835.57
796.9
1963.61
874.79
460.46_
1640.9
994.4
146.1
587.16
587.16_
946.28
1341.14
2908.07
348.02
1625.55
1625.55_
335.05
3077.57
3077.57_
4748.34
844.25
861.47
339.54
345.85
3203.71
566.4
4969.21
1618.94
295.42
234.47
234.47_
545.37
1301.98
960.09
953.08
1115.0
316.61
2028.14
1298.16
1079.76
2947.57
528.95
836.14
947.54
151.95
173.76
769.43
4698.82
3531.0
110.19
110.19_
794.61
976.17
459.52
1057.29
459.86
459.86_
2211.24
1466.57
1820.55
1820.55_
2197.4
3075.98
504.73
1411.25
1133.46
81.68
1322.15
221.62
570.51
3507.37
181.42
390.41
1401.9
1373.38
79.95
2801.86
1378.46
675.8
1123.87
171.93
689.43
1044.88
327.22
1432.03
1241.25
4336.75
1452.74
1452.74_
182.75
3965.41
1900.43
1796.83
67.9
10.54
1941.54
1734.87
359.85
4931.01
4931.01_
568.61_
568.61
2420.44
1144.21
1301.08
2981.88
114.94
499.95
1983.53
1402.78
678.54
2633.67
1830.01
133.18
893.63
2238.55
1480.53
461.43
1310.97
1190.67
1190.67_
1518.63
1630.08
220.62
884.52
2911.75
1307.73
1841.86
616.74
445.9
839.41
3296.19
1463.22
853.41
4895.58
282.08
282.08_
1439.21
931.64
823.57
617.89
2438.57
1309.04
1497.2
4556.91
1388.52
125.33_
125.33
1413.88
1023.49
1023.49_
1440.03
1202.86
736.71
2678.15
118.58
2132.79
2431.46
316.13
445.91
812.34
550.61
284.52
281.26
841.23
1189.97
529.18
3898.38
227.88
3055.13
1902.05
1128.73
274.65
681.31
967.93
1152.36
1451.24
457.78
202.48
853.65
1347.44
2138.8
2451.98
88.72
1989.71
1373.74
439.35
535.11
1383.88_
1383.88
143.75
2552.06_
2625.88
1265.86
800.94
402.54
444.88
1181.66
310.91
2576.87
1504.95
76.71
1472.89
1182.91
1257.05
1140.58
1140.58_
108.28
622.41
428.44
1304.33
4738.05
1080.88
347.15
541.18
461.34
3926.49
938.23
4769.85
1428.31
1070.74
945.79
2638.42
776.03
1082.41
2554.25
1826.54
215.84
3653.14
1310.92
4207.63
1237.39
84.74
720.66
1326.4
4342.44
259.59
3847.48
349.84
3276.53
314.26
1902.33
454.45
2630.87
2048.13
2048.13_
1288.02
1288.02_
534.03
1130.29
1794.66
1483.15
2907.14
1501.19
2007.3
1119.42
2132.13
727.88
641.98
1474.26
1098.16
33.14
901.0
18.31
830.63
1766.65
1401.04
351.41
676.2
3771.86
625.73
1699.99
1181.44
1181.44_
482.99
1354.83
2350.16
3462.28
267.45
117.3
252.34
200.32
2464.3
409.62
738.13
1059.46
1059.46_
1656.28
780.16
1621.69
1621.69_
865.04
44.59
2101.94
2935.85
954.65_
1420.86
609.13
2424.83
16.3
1084.43
1243.13
358.24
625.99
630.68
411.89
3431.75
1377.18
1406.81
1271.12
1024.47
372.21
1442.35
2006.6
211.14
822.11
449.23
2534.17
452.79
496.32
1625.4
277.38
2555.9
3447.68
367.77
367.77_
1159.18
883.37
67.88
1104.42
3899.38
482.64
1583.58
1583.58_
871.85
497.13
1624.6
3043.88
509.44
143.46
421.54
1327.96
1963.92
1953.63
1460.18
531.58
1022.8
670.43
4144.18
4453.51
1174.53
458.81
3500.17
996.18
2667.87
1979.39
313.26
269.26
680.89
1334.35
2684.22
506.06
827.64
1077.5
476.59
1959.49
1959.49_
1387.35
193.68
1638.94
737.37
951.46
3562.24
3562.24_
1378.31
2534.53
2071.05
1452.16
193.26
3607.6
1435.83
1076.77
1426.43
156.76
1055.36
1055.36_
3727.74
996.22
2672.12
137.2
2546.6
857.74
3.31
921.35_
921.35
1382.71
628.61
417.31
2075.58
781.83
1796.17
233.03
550.1
4511.85
1793.26
2529.47
32.11
524.79
2681.87
1299.59
1298.28
1438.18_
1438.18
1053.65
1004.8
187.22
1190.8
4519.22
363.45
1112.58
366.86
1029.08
2297.52
3934.02
544.6
1336.44
1955.11
59.58
59.58_
3898.81
4888.39
725.13
725.13_
181.8
2221.29
2642.8
4603.45
1301.81
872.45
1455.55
735.59
2630.08
652.22
1025.92
1005.29
555.44
873.11
2528.51
4298.54
674.6
778.49
1885.89
4841.16
2485.99
4575.47
3836.36
1182.5
2496.14
754.8_
754.8
912.63
912.63_
233.54
1775.04
793.77
1150.39
1097.18
1316.45
4477.94
1081.2
836.67
836.67_
1450.15
1450.15_
848.04
915.11
1693.51
4748.43
1603.67
1445.97
2571.56
558.81
1354.35
1415.01
69.41
180.68
879.33
1441.67
1322.25
1297.57
544.14
4990.91
2726.95
516.45
2091.98
3406.51
670.53
419.31
3566.19
126.19
1009.2
1450.57
3149.58
2870.92
990.45
817.57
783.92
4473.82
401.07
155.04
2143.45
2836.9
311.9
714.53
433.07
4582.68
1293.86
2660.96
2660.96_
4122.31
973.97
408.9
101.29
2699.4
642.11
2589.29
2380.01
3698.45
252.07
904.76
45.87
1317.37
148.4
1312.5
2469.37
3145.39_
3145.39
2870.48
531.26
1285.51
1285.51_
845.79
1386.03
183.1
1453.07
240.64
4384.6
675.52
586.28
1190.13
1446.75
3331.26
2978.35
366.33
4804.76
1465.06
632.09
685.14
43.28
1036.19
1018.92
1343.75
1344.71
701.97
2446.43
1364.78
1783.34
2841.0
3195.59
1826.19
211.4
354.41
342.3
2779.34
2779.34_
759.44
674.36
2139.23
1268.49
1268.49_
177.66
449.1
4367.85
807.64
2911.44
2911.44_
1339.95
879.62
539.33
400.25
1251.06
1389.91
1176.76
1176.76_
248.98
1746.06
1188.76
3991.35
3991.35_
1486.17
1506.93
1506.93_
295.19
1158.96
3726.34
973.83
468.03
1855.69
1737.51
886.94
938.6
2729.04
3592.75
1455.64
132.26
1924.07
1170.76
774.89
2576.98
1802.72
1421.82
822.51
1048.02_
1048.02
1751.09
1751.09_
761.34
1055.29
1213.26
1473.32
363.59
1455.62
132.98
1470.72
2030.53
262.98
828.93
36.92
4670.21
438.28
2004.87
2033.79
1579.97
465.98
1995.84
1286.15
4363.44
3279.57
387.39
387.39_
2090.35
4416.32
1899.54
462.91
487.26
476.91
1145.71
174.2
451.78
387.53
847.46
382.57
1044.63
1257.44
307.19
307.19_
286.9
1902.31
1218.38
2170.02
291.29
530.62
921.89
1281.41
1392.95
1392.95_
1115.36
579.41
1231.16
2838.06
1124.97
843.74
632.29
1490.29
1490.29_
2395.85
196.95
363.07
1528.92
702.45
1039.62
1039.62_
2646.35
3779.95
1119.28
204.35
1347.86
899.73
2051.53
207.0
248.71_
248.71
1879.27
1436.54
1928.03
252.17
2472.48
1669.88
157.85
157.85_
2156.34
207.1
2173.71
667.98
185.35
1218.72
2557.77
2737.74
1825.83
1233.24
1005.37
3719.49
470.36
792.92
735.75
735.75_
1737.34
1086.11
849.81
1427.65
1309.0
2123.11
860.4
4473.83
62.17
605.35
605.35_
491.35
969.98
2484.47
1026.13
4078.71
4078.71_
1264.34
1447.09
1447.09_
3222.11
1441.62
1634.98
1988.24
75.19
3137.43
1444.1
4633.42
424.65
1272.08
4861.83
2063.45
158.95
4466.33
1248.25
2072.25
1082.8
2221.05
1298.18
518.86
518.86_
1240.45
1240.45_
2345.24
2358.91
699.6
1369.02
2034.22
1494.07
2298.88
813.67
1216.31
1216.31_
877.04
4806.96
4857.54
868.99
1694.28
2588.02
1856.22
1222.3
2947.15
351.72
3419.72
472.42
94.5
3047.42
1877.48
56.47
1737.83
905.47
520.84
2662.33
3796.48
927.63
1157.35
1042.82
1259.3
1568.33
1251.99
559.19
3982.17
1151.07
917.25
46.28
715.49
1482.64
1053.3
23.58
2609.26
302.87
2358.09
28.52
2682.53
1963.21
1256.48
426.13
1277.85
124.52
926.62
926.62_
1390.92
1167.2
695.46
695.46_
509.41
599.48
1300.2
2019.49
4727.66
2257.71
353.85
2339.06
4058.77
1527.77
281.84
281.84_
1438.9
207.04
976.94
1292.69
2773.96
1215.93
2687.09
4882.12
551.73
1948.2
805.57
1221.67
1379.31
4368.6
519.66
275.56
2329.02
442.21
1506.54
1489.2
1032.75
2637.08
140.69
2274.1
1476.59
1476.59_
244.28
4231.86
2684.33
1461.27
1144.73
2057.56
2630.75
3305.69
1269.39
1316.32
1336.77
1488.01
314.2
1361.83
1293.89
593.33
365.39
1370.98
256.96
736.18
4649.87
1342.05
40.48
210.01
210.01_
761.2
761.2_
952.29
640.91
262.19
666.0
1047.98
2498.07
24.17
263.7
1494.92
1520.82
1057.95
2024.36
53.9
398.2
2561.04
2500.42
104.09
335.04
1961.29
4827.99
551.46
315.1
2431.08
1334.54
1920.67
225.57
1342.37
345.22
345.22_
1759.3
700.09
445.39
1170.66
1418.26
905.08
1248.12
1490.42
1442.28
1442.28_
552.5
2438.68
2576.96
1262.52
2801.32
2421.89
116.94
2493.18
482.5
861.13
1351.42
173.09
4896.77
626.72
2201.14
1080.51
1080.51_
4397.24
2709.07
750.66
4791.08
3651.67
2671.29
390.9
164.09
958.8
801.66
3603.74
1181.64
1306.63
504.15
2223.4
3083.14
377.05
2004.55
1705.93
1494.8
66.51
611.4
716.67
1390.09
73.61
344.42
1294.23
2639.72
2684.85
203.04
1405.43
3398.95
3398.95_
1335.49
607.67
1428.84
1406.94
4336.68
78.09
2825.56
1205.6
706.85
1035.7
214.57
517.32
442.03
697.28
1380.44
331.25
1168.71
129.5
915.78
915.78_
1242.1
1274.09
1328.22
1342.78
93.73
2250.42
2094.03
306.9
2146.8
4156.6
37.2
1698.42
457.54
629.26
4545.35
1708.53
1708.53_
1155.33
2621.5
3134.09
1178.78
1178.78_
751.44
590.65
1788.43
545.67
1066.99
3254.22
2662.69
2152.83
457.05
557.48
1498.73
556.85
803.43
2002.39
485.24
268.56
3718.62
2235.81
2235.81_
530.93
2230.04
4417.41
4417.41_
4913.15
583.79
607.5
186.89
4280.56
1180.29
345.47
803.03
2383.67
637.14
636.21
1680.63
582.83
1375.13
1920.74
401.98
3462.33
20.09
1290.83
1424.45
1706.05
2679.53
193.48
1250.71_
1250.71
387.63
2558.21
609.41
1784.61
2176.5
1982.41
330.21
330.21_
267.04
217.5_
217.5
375.83
218.43
728.23
2049.2
785.01
527.54
621.24
1147.62
30.53
1654.05
2664.61
1664.89
27.19
27.19_
667.56
667.56_
771.35
1226.28
4866.57
2404.39
2309.82
2869.83
953.87_
953.87
1643.06
791.45
1311.47
1677.29_
480.73
80.09_
80.09
2165.67
4073.71
2802.88
1543.58
864.35
2395.39
2395.39_
301.38
1864.11
2338.09
4461.39
4461.39_
1332.7
1332.7_
1266.35
485.7
951.72
954.71
456.26
463.59
463.59_
2132.46
969.83
2685.23
170.62
3842.22
2196.5
2196.5_
2777.31
75.52
1061.06
1061.06_
1358.23
482.73
429.69
2441.47
413.28
1421.64
4836.24
1441.4
1354.48
2587.43
2150.61
2150.61_
2944.35
1209.3
1660.86
4697.06
1202.4
443.32
443.32_
2598.38
4880.95
446.36
3456.15
2414.79
4751.96
334.63
334.63_
969.94
929.03
2513.52
632.88
1966.61
1399.51
1156.81
1498.7
39.28
39.28_
1424.12
817.6
579.15
1812.93
395.45
83.9
1359.45
2654.94
1087.34
3783.35
3783.35_
1234.79
2011.12
3517.25
556.11
281.28
1406.77
389.9
1337.34
1337.34_
211.41
56.59
916.34
1127.32
1450.47
1450.47_
216.62
1468.28
1042.68
4609.03
783.47
589.87
1169.61
109.26
3497.65
383.03
1294.45
1027.83
4265.3
1161.51
1161.51_
1204.84
3838.2
1883.15
1391.92
1263.91
384.01
1559.93
1466.56
2537.45
2537.45_
931.36
61.05
1319.64
879.49
1318.6
683.6
1218.49
655.39
2496.93
2223.59
434.95
1879.94
361.58
346.91
499.67
461.36
4735.55
2671.92
2982.96
303.42
1269.6
2318.76
2318.76_
459.1
944.15
489.73
2039.51
817.64
1180.37
4106.36
4106.36_
1295.41
715.19
1970.44
1484.67
93.67
902.29
495.51
1941.84
1413.38
4449.15
612.91
100.3
672.27
2633.79
1123.01
1186.98
1048.25
1566.55
1566.55_
437.45
437.45_
395.46
828.97
1937.91
1151.35
1151.35_
971.83
2482.1
1362.01
1358.9
1468.61
2684.55
328.45
146.92
826.77
2559.56
4455.19
68.98
1158.75
1381.81
2086.83
2813.68
661.03
661.03_
286.69
1069.66
358.17
972.14
1618.99
2522.86
897.72
575.48
270.49
3261.13
4606.81
169.07
719.76_
719.76
4620.45
1599.3
1384.27
728.73
1006.45
1204.59
273.11
889.69
829.3
1428.43
4404.08
2544.6
3791.25
971.25
366.46
366.46_
3655.44
1446.6
2063.0
326.98
1641.56
598.76
598.76_
1525.87
523.92
1911.25
834.87
601.58
1821.25
634.84
493.52
1148.67
1029.44
4312.83
626.57
1099.57
59.55
702.89
899.47
1310.68
1304.15
565.23
1052.87
4289.78
263.49
263.49_
1136.34
412.4
1870.02
1280.57
2161.86
542.56
542.56_
1316.96
370.91
1254.45_
625.53
1291.36
342.6
851.22
1441.79
1462.79
1169.57
949.13
1447.46
3109.05
1458.57
738.33
1375.96
1457.03
1457.03_
3127.61
2288.18
195.23
1028.67
1421.92
1063.76
4702.91
2300.97
185.16
1289.69
127.29
10.29
889.35
736.76
2447.38
108.46
2058.93
1457.21
3325.3
2102.97
1187.02
1370.22
64.67
596.66
1473.38
452.91
1131.43
2443.14
501.96
2694.82
2512.59
1439.7
123.7
1250.19
1022.71
557.8
1377.13
1735.78
946.84
626.5
4801.02
2627.81
1392.93
1357.91
326.6
3524.73
966.07
966.07_
1218.29
4667.75
996.96
996.96_
2640.84
1904.87
312.14
836.95
836.95_
2614.92
2667.09
1616.5
2156.15
717.44
4822.72
1125.03
1125.03_
1338.46
1437.95
2622.44
2331.61
1052.65
2334.98
2334.98_
2663.53
544.19
4206.64
626.64
396.58
1101.45
2457.58
2536.84
2216.07
645.51
1417.22
1551.3
1438.91
1438.91_
185.98
438.74
438.74_
467.35
2600.77
383.01
1142.05
185.39
315.39
315.39_
724.57
4060.87
1751.18
1125.3
382.17
382.17_
161.29
2443.94
1373.82
849.69
2355.66
1472.35
818.5
3266.57
152.38
1661.55
281.35
1068.81
1166.91
1082.56
1082.56_
817.97
450.68
1483.39
1334.68
41.67
1068.65
1367.85
365.38
543.54
2870.02
2178.73
1195.85
2394.72
300.47
300.47_
183.3_
183.3
983.12
211.56
1167.04
1394.06
1703.06
611.99
2660.55
1255.14
1933.58
1476.31
242.11
457.44
1971.81
226.74
640.52
1008.3
506.2
213.93
535.75
372.34
117.12
2006.97
2002.24
1544.26
534.16
852.87
2200.96
1528.09
411.28
370.35
404.12
2172.76
2572.44
809.94
1398.94
1308.31
1071.97
1230.89
4597.44
4597.44_
1335.15
3410.45
1179.64
1179.64_
1167.79
2984.04
2107.04
1795.69
305.79
3711.72
105.41
1386.11
948.81
1480.87
807.3
857.99
1427.84
2103.16_
2103.16
1377.33
830.7
3167.0
746.5
2899.99
1388.27
1292.62
777.88
378.16
2382.3
2930.71
1629.99
565.72
509.16
3084.2
718.36
205.37
1389.37
1426.3
151.6
1494.11
1327.26
972.89
1668.73
526.12
3013.18
454.58
1273.05
2580.29
1583.12
52.07
52.07_
1377.71
3043.27
1523.8
3980.41
4515.94
4205.6
2215.84
69.93
449.97
2408.4
2305.16
1683.88
4056.54
166.72
533.12
2083.35
2083.35_
1063.39
670.13
1066.41
1752.02
4418.26
1272.54
2370.01
1406.85
3651.79
1472.02
1491.01
2086.07
4982.57
35.71
1142.13
2241.6
2192.93
902.69
867.24
1891.76_
1891.76
3605.94
2089.71
418.89_
418.89
683.01
107.03
1056.89
414.12
256.91
33.8
655.52
655.52_
947.25
1097.02
1531.05
1055.94
2018.44
1123.09
628.11
548.71
989.09
292.25
4972.87
1163.33
2694.58
41.35
41.35_
2845.28
1953.1
4555.49
1327.69
3989.46
3061.73
4505.1
1461.64
1461.64_
1408.55
520.56
570.82
1664.96
505.07
1641.08
1577.79
1268.55
741.64
3502.43
691.9
1233.56
220.02
477.02
3607.64
247.96
726.59
1385.97
129.41
139.84
3362.1
1058.31
413.18
1313.0
830.29
1513.12
1443.02
2923.69
890.77
639.97
286.42
954.44
954.44_
1789.85
2.13
2313.63
318.21
785.78
3894.03
836.53
1367.57
37.07
1484.51
479.83
411.02
706.22
706.22_
739.86
1297.59
176.02
955.05
685.36
1895.14
1164.89
1816.7
1816.7_
562.01
2375.42
57.91
2280.42
1254.14
1254.14_
948.25
4437.8
2290.25
401.46
1393.25
1264.61
15.58
1364.56
1406.91
1643.49
233.56
425.51
886.95
829.49
4618.9
2641.08
1424.74
2867.7
622.21
869.96
1806.26
543.37
3520.62
319.15
3174.97
202.67
718.53
905.62
155.69
4919.89
308.06
2574.82
553.5
2849.38
3714.43
4766.87
731.37
731.37_
1310.56
1310.56_
819.81
884.79
1896.09
303.23
303.23_
674.21
978.56
1041.79
879.98
2050.02
557.5
1521.3
356.69
658.48
41.85
207.85
1330.89
1357.22
945.27
2326.72
2024.4
1110.63
1154.86
1712.86
1804.5
1146.38
4609.45
3535.04
426.24
93.93
93.93_
896.57
1314.09
643.02
1349.83
726.75
726.75_
1356.23
453.73
1264.21
1120.55
1364.23
2338.26
1224.77
1350.49
181.85
277.75
613.91
1699.05
1012.93
2051.19
1181.0
2209.17
211.46
1311.32
1746.62
300.22
1255.12
1588.54
2998.57
2594.46
1314.99
2298.76
987.98
29.16
1904.56
188.21
4378.25
1475.43
1304.08
771.16
646.04
365.03
891.29
1302.53
1265.91
500.84
2213.1
1411.87
447.94
680.16
489.29
57.85
102.02
2624.3
1051.33
19.36
821.1
1024.39
2079.91
2549.63
1163.93
2308.25
1512.31
583.73_
583.73
1288.78
361.08
2142.89
3420.99
2514.88
1882.8
1882.8_
19.43
4295.5
4709.8
583.74
936.1
317.45
3783.14
3783.14_
1274.85
50.13
50.13_
1042.93
2778.6
1673.76
1673.76_
1716.01
1306.3
1306.3_
1030.69
130.3
3682.08
1826.5
658.75
1493.17
689.88
428.94
771.99
1437.07
4355.7
4355.7_
1416.48
769.18
23.64
23.64_
2011.53
4921.57
4921.57_
1988.83
105.34
961.39
2242.31
285.59
1047.3
1080.92
252.11
2577.55
2577.55_
1636.01
1081.66
4459.5
2096.83
2094.49
1314.25
840.82
1492.66
99.33
99.33_
144.29
2292.04
105.89
105.89_
3146.2
4841.18
258.68
423.36
3345.76
2391.27
739.01
791.96
797.16
1460.41
344.46
344.46_
1422.2
1062.47
624.01
624.01_
3536.4
3218.07
855.55
720.06
417.22
4311.42
1320.27
93.91
347.66
3351.81
2056.14
2618.46
2618.46_
745.43
745.43_
1491.23
1818.27
1421.67
399.68
4415.47
1209.6
1209.6_
3073.02
1347.31
1588.18
1357.57
946.92
646.05
4399.03
2371.87
606.57
4057.35
1922.82
702.2
1795.52
570.4
1282.04
1160.13
905.23
4760.65
666.25
390.98
390.98_
2074.18
1382.45
351.01
1226.97
1351.29
793.04
1019.14
1390.84
131.13
730.77
771.6
16.88
662.71
2083.26
4208.66
1402.23
1402.23_
1555.94
752.52
1936.41
432.92
2172.68
2773.09
323.83
436.82
3596.04
1074.35
1091.09
1612.7
4654.92
657.12
2694.55
1730.05
2170.45
3232.75
830.5
2630.82
2630.82_
175.33
743.6
1479.71
3037.28
534.08_
534.08
1061.77
1370.66
143.61
160.87
3138.55
571.1
474.96
876.74
876.74_
540.29
3524.86
579.9
1239.09
1433.17
2621.26
1171.75
1088.9
431.77
163.0
1432.94
33.25
1795.28
3281.43
1191.91
4335.68
318.06
1594.5
1347.83
848.17
446.66
518.87
1558.33
1720.19
1060.69
48.79
1896.78
3323.17
284.34
516.43
1346.77
1219.04
796.31
428.4
1248.42
835.14
835.14_
2435.57
141.69
1211.41
1263.31
1968.73
1281.29
371.78
1394.56
515.73
779.09
877.65
61.98
2707.04
144.95
2528.61
84.95
1331.5
2600.85
2331.6
1360.54
756.43
841.28
56.92
939.02
1292.76
141.58
733.96
694.73
2256.77
2256.77_
71.54
4225.97
577.91
407.79
2380.89
1339.71
1780.79
2440.4
2496.64
663.25
3618.91
1002.97
366.22
2224.09
1078.38
2672.09
67.98
660.26
1632.9
794.29
1316.91
514.34
1673.31
1901.62
2083.5
472.29
1600.28
449.04
2979.78
2461.73
3120.15
923.5
923.5_
3238.58
2598.17
3923.24
156.14
156.14_
692.75
692.75_
1499.92
3470.89
3470.89_
80.25
1760.01
174.22
4322.54
1048.56
2466.78
968.32
540.04
499.85
425.9
1428.75
2654.6
859.77
174.06
4649.55
1270.74
809.32
693.77
915.32
563.69
3194.2
149.0
932.69
932.69_
519.51
4160.79
605.86
2286.79
115.08
1887.08
1887.08_
1298.6
2427.44
331.53
918.89
833.37
599.81
4683.73
228.63
2625.65
1286.96
4862.8
1886.54
1850.68
831.63
852.74_
2241.07
2666.06
590.76
2302.31
432.76
1471.32
1186.43
2139.33
2434.12
1154.21
3650.06
573.53
1045.06
4953.29
4953.29_
1075.73
1431.1
3703.08
4128.29
1068.42
519.33
1076.7
2428.25
1348.36
796.45
1369.4
1465.19
3881.11
157.62
1282.2
2595.94
2595.94_
739.66
3714.72
4902.52
1402.67
546.87
3217.69
1103.47
1853.35
1660.98
2538.25
800.06
649.26
1881.05
353.01
436.69
1275.86
1440.56
2297.86
373.79
3978.9
1073.62
4397.05
4678.77
778.68
25.16
25.16_
878.15
3461.24
1434.18
991.98
991.98_
1191.5
1082.08
268.83
3323.82
3427.41
1276.05
764.82
1328.98
664.62
1827.35
118.8
4188.88
1198.03
146.68_
1460.73
55.46
90.14
1272.03
2393.46
198.25
74.12
261.14
89.19
2319.84
832.06
1342.04
2221.21
911.09
3640.4
4060.73
1049.2
874.6
1269.23
19.96
4831.44
1294.9
358.83
1151.22
2500.04
1253.04
442.17
3952.93
214.25
1773.97
1105.99
1487.63
2016.31
1126.3
1859.53
805.01
459.98
2781.7
2781.7_
3803.71
3197.22
1765.9
464.09
2240.56
883.67
206.52
2652.19
143.9
899.21
182.37
1050.26
1361.41
665.78
1333.49
1333.49_
2279.36
840.94
1249.18
1249.18_
1234.63
204.88
874.17
888.82
2566.1
1160.88
2060.05
262.3
1598.71
2127.73
1371.17
585.36
585.36_
3607.96
1449.78
1449.78_
1100.64
680.39
332.39
1913.66
440.18
310.51
534.85
2192.18
697.67
3750.27
349.48
1692.81
4154.32
3321.22
731.05
731.05_
1825.94
43.6
2275.26
1798.75
331.5
2186.49
865.36
890.54
377.23
1194.49
720.71
2864.82
2576.44
2629.04
2503.1
1029.46
1992.2
2514.62
1337.06
1002.18
2695.33
568.81
157.69
798.1
613.07
1647.69
2567.88
46.93
2818.55
838.05
582.95
4775.2
171.64
417.94
767.42
422.57
422.57_
782.93
1161.41
3321.44
2627.87
1382.52
1223.22
1275.06
959.06
817.66
817.66_
1486.2
577.97
224.19
1396.35
2698.44
466.65
618.46
2639.26
1355.65
1355.28
1198.35
401.58
2590.98
1378.89
1401.54
4980.31
2606.51
3842.37
4094.73
2694.8
2392.91
558.26
1350.08
3158.9
1454.14
3089.47
1594.66
736.01
1628.95
211.51
1376.62
155.86
1232.42
2391.17
405.01
1384.38
283.84
4855.15
1422.19
2239.2
244.29
2717.6
1468.67
3599.87
1510.44
2375.88
2965.08
2440.6
46.37
2323.93
240.25
747.34
1199.05
215.35
1155.21
1155.21_
1058.02
1177.54
1408.37
1439.4
720.43
918.01
1271.65
987.27
1891.1
370.22
370.22_
102.46
102.46_
1043.22
1043.22_
409.58
1060.4
1433.49
1433.49_
450.74
1854.76
2599.69
1327.57
2820.81
1567.24
1775.52
686.05
2574.11
464.64
2375.12
1390.43
1306.64
1114.75
2554.66
1402.48
157.78
688.1
424.3
1175.18
1218.57
4883.71
207.81
2381.15
4974.31
560.52
780.26
780.26_
2024.37
1320.37
1416.79
1890.92
746.75
1435.39
54.46
1556.08
2827.23
599.23
2442.69
4948.46
4948.46_
1210.96
1108.32
616.98
881.0
1734.43
1221.55
2790.05
886.59
884.86
62.26
1535.02
103.28
2563.97
1389.48
172.39
1057.36
296.58
231.16
917.17
2818.43
360.96
1494.56
401.7
45.65
871.67
644.87
2331.17
1336.0
1390.19
543.44
2698.32
1104.91
2220.34
738.15
738.15_
1558.93
1437.02
2927.56
342.3_
2717.2
1945.67
705.4
234.62
568.45
1257.64
1224.04
1299.86
3805.38
768.25
69.03
69.03_
1824.45
843.89
3772.55
915.87
1067.95
1213.43
4973.64
218.9
1920.25
4536.64
1962.25
748.53
1253.67
666.31
731.26
332.22
320.83
1465.87
2734.91
1271.23
884.87
1342.68
790.87
4194.87
4194.87_
1405.24
1693.97
1416.43
2327.11
112.36
3496.34
772.08
793.26
1214.29
754.02
1662.33
551.36_
551.36
4323.55
2131.92
138.25
395.19
2368.19
3386.25
1397.52
364.45
317.74
789.03
789.03_
2607.71
2607.71_
486.54
1057.71
3501.98
268.08
1343.64
4203.56
1045.77
1045.77_
2529.34
307.94
970.22
3905.41
3937.86
1411.95
931.9
448.95
2617.78
94.17
807.04
1154.16
1154.16_
1147.16
738.06
1219.01
1278.15
163.56
1268.94
3978.66
798.77
83.53
173.84_
173.84
403.31
1384.55
1221.91
696.74
696.74_
469.46
194.4
194.4_
1336.02
293.01
3158.45
1050.52
1048.69
1021.88
873.07
435.89
435.89_
1429.03
1171.11
332.23
1432.71
431.41_
431.41
8.07
3693.67
806.5
727.64
347.01
347.01_
611.96
2221.13
399.79
2157.17
3716.31
2198.96
583.11
47.23
226.98
707.79
3001.52
420.61
1660.5
1174.52
451.12
451.12_
1233.25
1460.57
1420.93
1236.14
124.55
71.77
4965.47
932.33
453.11
1378.2
1378.2_
370.63
903.86
1306.93
4627.56
1351.51
1351.51_
1094.93
2406.19
633.75
327.43_
327.43
1113.98
834.52
1567.41
1141.15
1184.37
883.38
378.11_
378.11
100.56
744.47
1037.07
1069.99
1451.72
3072.93
1426.14
586.19
2159.19
1056.01
1479.62
4671.11
1242.93
298.88
1028.85
544.97
1244.22
887.48
5.8
1344.3
1382.53
1044.35
2052.1
441.72
1077.34
487.17
1349.87
45.5
642.57
1420.76
122.69
976.28
1478.4
799.18
638.99
144.57
918.22
748.48
123.73
931.94
2379.75
3015.47
648.66
430.64
430.64_
1496.51
1301.16
1465.9
198.06
1166.08
376.64
2397.0
963.25
534.4
1029.97
1037.05
1271.36
3232.0
1355.63
1333.97
775.83
2624.85
1179.2
1504.72
4467.44
2175.7
2854.37
1282.29
3546.25
1800.41
4127.37
484.81
2072.12
42.98
949.81
364.38
647.77
2510.66
69.61
1685.12
40.19
407.44
407.44_
4509.1
1288.06
1.2
597.81
1320.03
531.86
1516.73
896.92
747.26
747.26_
2234.81
515.63
509.45
1399.23
197.92
2156.1
1022.77
1020.94
40.77
499.06
7.24
1649.28
3970.04
727.13
1225.06
1874.52
349.58
1828.45
2527.22
714.69
714.69_
2985.89
630.62
122.73
2743.33
1442.1
1442.1_
311.34
1034.51
1410.8
351.62
2489.95
568.21
1375.7
1156.79
553.12
851.24
429.5
992.64
3842.25
3842.25_
1878.03
1232.34
245.91
1756.68_
1756.68
2398.69
1378.25
2525.42
3707.41
1331.57
359.63
4583.25
1367.83
197.54
3649.96
4291.3
1313.3
1170.84
1455.41
782.51
1441.12
224.98
1325.68
414.36
1451.63
2140.35
737.62
851.44
861.19
289.24
4609.09
4708.63
167.61
258.85
1744.07
803.61
3498.63
504.78
467.7
86.55
3360.92
3360.92_
1078.33
810.26
1277.25
370.32
996.4
1434.01
1164.35
1348.57
25.78
1356.89
711.58
988.95
906.31
486.34
1042.95
134.87
839.04
2504.72
2360.5
2241.78
529.01
4237.27
443.19
443.19_
3851.63
361.73
186.61
561.21_
561.21
1300.64
2551.74
613.93
613.93_
786.37
838.71
1457.57
1013.95
1332.82
596.56
742.09
843.53
2619.68
587.66
489.04
577.39
1365.66
761.54
1180.56
2959.98
1120.46
1346.31
1096.02
1096.02_
2088.76
1376.01
1360.66
1360.66_
3988.4
3988.4_
3025.44_
3025.44
4489.87
1526.8
473.6
4345.51
363.49
10.77
4686.94
501.21
582.13
282.29
419.05
380.52
1362.72
4577.54
1177.47
1379.19
1379.19_
4286.15
519.81
1319.63
260.85
258.33
943.78
434.25
989.71
1173.38
1208.71
3632.72
3148.21
3670.07
2065.33
1148.28
571.06
2760.28
1480.12_
1480.12
1032.79
708.2
708.2_
1465.62
228.53
3844.13
2953.79
2953.79_
1119.16
156.08
1171.28
893.3
1412.93
1173.81
314.56
314.56_
3150.5
362.4
2000.62
3879.42
1090.56
54.17
387.9
1307.67
1350.85
782.15
2092.65
171.8
735.58
4717.53
33.79
597.13
3419.1
3773.56
1752.99
1350.28
2803.61
797.03
2108.15
488.13
2051.86
699.62
2693.61
2693.61_
804.92
2528.49
426.4
124.29
1352.22
619.5
619.5_
1220.42
1420.13
341.02
1362.58
4005.23
576.84
75.76
116.3
134.94
3542.14
2546.8
139.11
1008.2
2237.69
1039.7
2268.52
1480.54
3274.01
2536.58
481.33
1231.03
2013.21
4787.13
4787.13_
362.04
1787.89
238.44
3776.3
1356.82
1175.31
1342.51
1342.51_
1424.96
631.58
734.94
1471.5
1212.99
406.94_
1345.66
783.82
1308.52
1896.03
3115.82
1090.21
1090.21_
1982.38
887.98
1107.66
3087.45
1092.47
2470.61
2429.76
1328.53
1339.97
1122.78
2517.66
2517.66_
1418.65
1290.19
1300.88
1450.51
241.98
190.26
654.33
260.75
786.15
770.37
1416.96
15.03
821.35
381.28
384.04
4899.87
1266.34
666.72
1454.08
774.35
2698.89
202.11
242.96
276.17
1628.88
2787.7
1271.05
23.94
1327.87
4952.14
3030.75
3901.4
142.19
637.11
1367.36
841.62
4687.35
1980.0
1147.49
3783.59
1528.69
1452.64
5.28
1933.79
1933.79_
1317.56
984.82
585.74
1467.16
141.75
1354.0
879.74
118.72
1410.54
1448.6
815.12
410.1
1471.88
1012.23_
1012.23
1267.96
441.29
218.19
4670.92
648.02
916.22
1958.36
268.81
1253.88
645.14
640.78
640.78_
3300.77
2823.42
846.68
603.87
1182.19
1182.19_
1375.8
3371.11
1194.82
636.65
636.65_
1082.13
1284.84
1392.78
701.41
1195.06
180.95
1685.88
3198.8
2075.81
147.75
1441.5
2673.71
172.94
262.48
9.32
1799.87
1799.87_
565.34
1153.62
3190.38_
3190.38
4014.35
794.73
2497.37
1941.65
1067.59
959.2
708.27_
708.27
1388.59
1323.25
562.05
562.05_
1740.2
1072.63
19.94
4070.63
3212.16
244.46
1264.51
3149.82
2485.16
1733.0
1924.15
878.44
231.87
536.5
413.34
1152.71
597.77
297.94
1049.33
115.38
463.93
859.23
42.69
42.69_
535.64
1881.13
877.78
466.4
1390.77
1697.41
1228.86
1276.23
1276.23_
940.36
787.15
2939.44
2065.06
896.63
4230.46
282.44
3563.38
690.43
1556.58
1966.55
1399.72
138.3
4194.67
2582.73
1010.56
2284.86
2399.46
1478.43
585.96
1311.99
2059.36
1314.3
93.25
835.49
1434.88
2270.42
900.37
330.51
990.27
272.17_
272.17
2447.8
1030.5
1371.96
3020.66
1653.25
201.94
1486.46
2298.18
1345.58
2598.3
143.87
409.27
1227.73
1450.89
695.12
1256.83
957.6
2294.21
1361.45
1361.45_
1168.42
836.69
160.14
186.99
328.05
551.4
1373.9
1758.22
245.53
3561.35
1710.59
3840.92
270.26
1302.42
583.6
3609.22
1041.91
4034.53
1452.88
1159.33
104.98
519.0
2547.85
234.65
2509.78
48.11
765.07
2542.15
3813.3
3813.3_
2087.18
157.1
557.57
2052.89
612.08
1077.91
1077.91_
1805.92
580.52
1658.2
1285.23
1063.69
4161.7
4443.32
517.77
4747.62
2336.66
4649.72
887.8
559.89
1263.45
1278.56
1338.65
839.57
116.17
1441.58
1175.57
333.32
2956.15
731.4
2699.17
2699.17_
275.4
1997.76
275.92
613.71
689.48
532.22
609.66
411.39
753.58
1882.85
4.5
1621.28
839.76
108.94
2632.8
1445.18
1738.56
4913.68
625.89
625.89_
693.23
1421.62
1290.64
661.01
2097.37
1203.57
817.93
3636.05
1065.82
748.62
732.33
732.33_
4177.59
809.01
1681.09
2396.62
824.16
4247.61
518.79
1933.38
1352.13
2580.19
1303.34
1335.24
2989.37
1038.25
2763.66
404.05
1001.56
2608.97
2608.97_
429.44
1418.16
1223.86
176.06
2404.81
668.78
4176.76
1966.12
2649.82
102.81
928.78
244.27
52.76
369.64
3141.05
418.28
1644.44
679.47
1270.97
1558.88
828.7
828.7_
578.6
3762.64
719.35
66.93
66.93_
1319.42
1395.86
1570.43
716.97
1388.02
2027.76
2027.76_
2820.44
1087.1
1773.9
955.58
3320.25
2407.95
757.25
1416.41
1233.42
435.21
4730.75
1434.54
294.33
393.55
1533.79
215.05
1367.13
1298.56
4832.8
4679.67
3754.62
1373.01
1388.93
1104.44
1104.44_
387.26
248.38
437.9
2029.21
2425.13
726.39
2136.57
933.83
355.34
1073.98
3578.54
1105.29
783.77
620.8
1713.36
4771.2
2031.23
3938.7
110.71
110.71_
1024.5
1025.81
937.32
752.98
285.29_
285.29
3735.23
6.84
520.26
1938.26
1938.26_
1355.23
522.89
899.48
1868.92
1494.0
449.06
2019.36
1609.58
55.2
1022.13
4633.81
15.74
458.68
1171.88
3893.3
306.53
2129.37
2558.58
3377.59
888.66
1045.39
416.11
1031.15
3192.94
1016.37
2335.68
1050.39
455.0
1000.37
1826.94
1138.38
2395.15
2369.74
3587.45
483.4
4346.79
1301.52
2373.43
1889.62
1208.7
1009.97
654.12
654.12_
904.34
3377.65
998.47
1490.78
1327.33
1292.5
204.73
1464.77
1464.77_
1873.07
867.27
512.83
512.83_
624.62
408.64
26.47
1392.71
1392.71_
359.94
542.26
64.47
64.47_
605.17
1682.25
454.36
74.29
412.38_
412.38
975.09
2426.75
630.37
4578.85
871.69
2589.93
853.8
2088.1
1433.43
544.82
544.82_
2064.86
444.69
2160.81
1078.62
2116.7
1112.24
2225.89
4103.79
843.36
1493.68
2560.25
2723.1
174.9
439.88
1233.96
1233.96_
3515.45
3515.45_
2359.64
1760.52
121.04
145.03
1833.81
545.13
230.44
127.28
2100.23
921.57
1270.51
3240.55
1204.38
2271.24
1422.97
953.94
1361.61
1323.17
170.53
170.53_
1178.24
734.77
0.34
2164.84
637.0
1211.28
562.9
147.78
858.45
1326.98
456.33
299.0
258.04
258.04_
1292.23
164.79
1762.75
1443.38
2310.1
825.55
1325.41
1325.41_
2553.42
1000.44
373.74
373.74_
10.89
1299.61
819.99
518.55
40.71
624.41
928.92
1343.62
1008.58
808.55
1198.78
1198.78_
1149.16
4331.18
1347.95
1347.95_
1056.19
2606.87
97.33
97.33_
1323.98
3718.95
756.91
1487.87
952.9
4187.48
1348.98
1432.74
1353.64
1876.36
2587.8
366.9
2444.21
239.01
773.4
1233.51
1901.4
2029.67
2259.82
2657.29
318.97
3213.09
505.88
3443.36
2585.96
751.82
89.53
1044.78
387.99
506.71_
506.71
157.07
937.64
2465.39
1074.66
1062.17
1154.39
640.77
2357.03
509.37
1307.01
1347.65
2071.87
114.81
4726.13
1316.73
1134.69
1368.62
1368.62_
1498.55
311.57
4821.89
327.83
757.92
3167.74
1402.44
2138.95
499.12
2113.29
1678.53
4671.72
4671.72_
316.56
219.2
1974.97
2344.06
1209.22
1485.95
1266.79
4696.1
317.71
375.38
208.35
219.36
1225.88
2419.98
2172.22
419.4
504.44
1274.05
599.08
397.06
1677.67
296.19
291.67
291.67_
4193.78
2082.97
4405.04
3538.34
805.43
4305.22
794.74
1971.68
1084.02
1270.07
1482.24
209.34
1014.29
1992.97
4986.03
4986.03_
2040.33
931.37
450.79
450.79_
1452.83
3770.27
298.58
1964.82
1092.52
1169.2
705.53
623.35
328.42
2681.27
1378.73
1162.48
205.79
3209.39
780.81
1168.61
3651.34
2619.46
3530.46
3530.46_
666.08
4548.76
1015.84
1074.81
1040.93
1381.16
1693.73
495.74
80.93
29.87
86.54
58.64
1414.75
2418.61
181.03
4085.14
968.46
1160.83
1430.8
4344.0
1679.05
565.03
41.82
457.92
368.59
177.98
881.26
1032.76
1593.63
2603.15
2580.92
84.55
86.68
86.68_
122.5
3210.75
16.45_
1311.0
2428.62
333.31
851.37
1419.68
753.93
1423.08
432.06
1478.94
518.13
404.69
171.78
719.3
225.23
1910.97
396.33
1432.3
2569.09
767.91
1477.54
3517.23
340.06
788.87
4229.13
4320.49
90.74
628.79
1059.76
573.91
699.69
550.27
1649.46
0.23
2461.36
975.82
3928.73
1301.92
4821.28
3775.3
2217.05
1037.16
1022.51
132.87
132.87_
671.65
318.94
2150.59
1229.65
415.77
466.97
1781.61
0.56
1917.28
127.88
127.88_
1924.32
4117.61
725.09
688.99
1459.32
3375.66
3375.66_
303.24
2850.2
1061.08
1351.26
1351.26_
1846.37
133.02
1010.08
3849.44
234.48
957.71
953.17
180.38
621.66
219.87
1348.1
304.61
121.26
121.26_
3131.45
1405.95
2026.71
1013.79
1154.5
1257.11
589.18
502.78
502.78_
1705.24
5.67
52.98
2193.28
855.61
909.73
30.31
30.31_
162.9
1286.57
1286.57_
1012.39
3841.48
673.32
673.32_
2130.22
2130.22_
936.76
930.85
797.53
436.63
1395.64
4404.79
4137.37
4137.37_
1258.59
1258.59_
15.18
1167.75
1167.75_
4962.47
4533.38
1714.75
3332.8
3332.8_
1338.74
4167.46
1277.49
4089.06
138.16
558.21
558.21_
1121.74
4273.06
1063.89
2188.14
1524.0
1665.01
4673.99
1289.12
1626.12
477.2
771.77
43.56
580.71
2381.42
2410.41
807.66
233.12
264.32
1077.16
251.06
741.68
741.68_
1035.77
581.12
206.26
1279.24
2016.71
1264.32
568.94
3442.38
1150.9
136.13
1004.53
1127.98
1127.98_
427.68
427.68_
2216.82
781.33
1437.94
1762.12
872.64
4733.69
1268.9
860.91
860.91_
324.4
1442.03
158.54
2673.82
397.9
1013.71
4391.48
1041.07
1150.8
4936.34
494.25
1136.37
2621.78
257.87
1163.47
30.1
1189.3
2158.37
6.49
383.25
1406.78
2165.25
553.06
837.88
385.85
828.56
568.82
1548.55
593.72
3270.52
922.32
1013.24
2377.8
970.11
970.11_
1486.83
327.48
327.48_
1521.43
2510.12
2286.06
1203.25
1203.25_
4266.37
1242.39
1688.0
2312.82
2616.31
1247.63
711.08_
711.08
4841.43
4116.64
773.2
773.2_
645.33
3100.0
109.2
896.47
2520.24
335.69
335.69_
1473.4
182.58
1496.66
3176.77
3176.77_
1273.09
1539.53
388.99
446.51
417.72
2382.35
942.59
599.4
1790.93
1320.78
2186.18
569.38
168.72
443.62
1320.31
4829.8
945.7
1485.52
1301.41
683.67
47.03
2530.35
1360.31
2221.93
1976.63
1375.65
1747.6
1005.41
862.14
308.8
2125.88
666.47
1042.2
2182.6
729.69
2329.34
196.13
198.29
3341.21
1394.91
1394.91_
512.74
1795.88
84.05
3127.09
4764.4
3981.77
154.96
2665.45
4831.4
1123.32
1056.3
1078.41
1001.62
1701.54
844.6
778.91
1919.27
91.78
544.01
3402.82
1528.01
1301.87
559.18
1101.31
235.86
1166.37
2272.58
179.15
1258.47
2096.33
1744.47
792.37
1256.89
1139.1
1380.29
132.82
2669.02
2083.28
1320.52
898.7
1169.62
4452.95
1336.86
3988.3
415.34
3158.08
1300.78
466.2
760.71
827.89
437.84
1294.13
1095.56
931.77
962.64
254.06
220.17
418.16
1694.32
394.42
1901.82
1475.23
1475.23_
382.05
1429.96
1429.96_
2848.95
4675.57
3392.65
1416.25
2370.64
1701.88
2104.27
3111.29
3711.23
698.23
1366.21
3581.22
429.65
124.57
785.9
1075.47
425.43
454.94
929.91
821.41
60.08
1440.5
209.02
68.66
2352.06
978.79
1674.42
992.2
1368.65
823.21
1347.02
608.87
2509.06
875.35
910.12
2502.86
1473.28
2686.37
2061.17
1680.53
670.35
4241.52
4241.52_
936.59
1618.3
284.89
1417.24
2077.68
295.08
1321.46
1321.46_
1138.36
3539.88
1660.14
68.06
781.42
1283.75
1452.79
1354.88
470.42
470.42_
442.06
220.75
1288.43
827.56
111.75
111.75_
332.75
494.51
494.51_
928.28
1086.96
732.11
1447.57
807.65
807.65_
1427.16
82.15
1019.46
1035.24
1327.42
4317.42
4138.67_
4138.67
301.52
1095.15
1366.56
547.21
901.87
3699.44
832.09
2344.57
177.9
2542.42
1095.9
1095.9_
4523.3
1350.85_
636.96
995.47
330.6
717.79
1245.01
361.68
909.01
365.66
1453.61
1453.61_
642.46
418.03
678.57
1079.48
897.16
620.64
3571.7_
3571.7
502.38
